-1.#IND00
0.000000
0.000000
0.000000
0.000000
0.000000
0.000000
0.000000
0.000000
0.000000
1.#INF00
-1.#IND00
0.031858
0.031858
0.031858
0.031858
0.031858
0.031858
0.031858
0.031858
0.031858
1.#INF00
-1.#IND00
0.063705
0.063705
0.063705
0.063705
0.063705
0.063705
0.063705
0.063705
0.063705
1.#INF00
-1.#IND00
0.095542
0.095542
0.095542
0.095542
0.095542
0.095542
0.095542
0.095542
0.095542
1.#INF00
-1.#IND00
0.127370
0.127370
0.127370
0.127370
0.127370
0.127370
0.127370
0.127370
0.127370
1.#INF00
-1.#IND00
0.159187
0.159187
0.159187
0.159187
0.159187
0.159187
0.159187
0.159187
0.159187
1.#INF00
-1.#IND00
0.190994
0.190994
0.190994
0.190994
0.190994
0.190994
0.190994
0.190994
0.190994
1.#INF00
-1.#IND00
0.222790
0.222790
0.222790
0.222790
0.222790
0.222790
0.222790
0.222790
0.222790
1.#INF00
-1.#IND00
0.254577
0.254577
0.254577
0.254577
0.254577
0.254577
0.254577
0.254577
0.254577
1.#INF00
-1.#IND00
0.286354
0.286354
0.286354
0.286354
0.286354
0.286354
0.286354
0.286354
0.286354
1.#INF00
-1.#IND00
0.318120
0.318120
0.318120
0.318120
0.318120
0.318120
0.318120
0.318120
0.318120
1.#INF00
-1.#IND00
0.349876
0.349876
0.349876
0.349876
0.349876
0.349876
0.349876
0.349876
0.349876
1.#INF00
-1.#IND00
0.381623
0.381623
0.381623
0.381623
0.381623
0.381623
0.381623
0.381623
0.381623
1.#INF00
-1.#IND00
0.413359
0.413359
0.413359
0.413359
0.413359
0.413359
0.413359
0.413359
0.413359
1.#INF00
-1.#IND00
0.445085
0.445085
0.445085
0.445085
0.445085
0.445085
0.445085
0.445085
0.445085
1.#INF00
-1.#IND00
0.476800
0.476800
0.476800
0.476800
0.476800
0.476800
0.476800
0.476800
0.476800
1.#INF00
-1.#IND00
0.508506
0.508506
0.508506
0.508506
0.508506
0.508506
0.508506
0.508506
0.508506
1.#INF00
-1.#IND00
0.540202
0.540202
0.540202
0.540202
0.540202
0.540202
0.540202
0.540202
0.540202
1.#INF00
-1.#IND00
0.571887
0.571887
0.571887
0.571887
0.571887
0.571887
0.571887
0.571887
0.571887
1.#INF00
-1.#IND00
0.603563
0.603563
0.603563
0.603563
0.603563
0.603563
0.603563
0.603563
0.603563
1.#INF00
-1.#IND00
0.635228
0.635228
0.635228
0.635228
0.635228
0.635228
0.635228
0.635228
0.635228
1.#INF00
-1.#IND00
0.666883
0.666883
0.666883
0.666883
0.666883
0.666883
0.666883
0.666883
0.666883
1.#INF00
-1.#IND00
0.698529
0.698529
0.698529
0.698529
0.698529
0.698529
0.698529
0.698529
0.698529
1.#INF00
-1.#IND00
0.730164
0.730164
0.730164
0.730164
0.730164
0.730164
0.730164
0.730164
0.730164
1.#INF00
-1.#IND00
0.761789
0.761789
0.761789
0.761789
0.761789
0.761789
0.761789
0.761789
0.761789
1.#INF00
-1.#IND00
0.793404
0.793404
0.793404
0.793404
0.793404
0.793404
0.793404
0.793404
0.793404
1.#INF00
-1.#IND00
0.825009
0.825009
0.825009
0.825009
0.825009
0.825009
0.825009
0.825009
0.825009
1.#INF00
-1.#IND00
0.856603
0.856603
0.856603
0.856603
0.856603
0.856603
0.856603
0.856603
0.856603
1.#INF00
-1.#IND00
0.888188
0.888188
0.888188
0.888188
0.888188
0.888188
0.888188
0.888188
0.888188
1.#INF00
-1.#IND00
0.919763
0.919763
0.919763
0.919763
0.919763
0.919763
0.919763
0.919763
0.919763
1.#INF00
-1.#IND00
0.951327
0.951327
0.951327
0.951327
0.951327
0.951327
0.951327
0.951327
0.951327
1.#INF00
-1.#IND00
0.982882
0.982882
0.982882
0.982882
0.982882
0.982882
0.982882
0.982882
0.982882
1.#INF00
-1.#IND00
1.014427
1.014427
1.014427
1.014427
1.014427
1.014427
1.014427
1.014427
1.014427
1.#INF00
-1.#IND00
1.045961
1.045961
1.045961
1.045961
1.045961
1.045961
1.045961
1.045961
1.045961
1.#INF00
-1.#IND00
1.077485
1.077485
1.077485
1.077485
1.077485
1.077485
1.077485
1.077485
1.077485
1.#INF00
-1.#IND00
1.109000
1.109000
1.109000
1.109000
1.109000
1.109000
1.109000
1.109000
1.109000
1.#INF00
-1.#IND00
1.140504
1.140504
1.140504
1.140504
1.140504
1.140504
1.140504
1.140504
1.140504
1.#INF00
-1.#IND00
1.171998
1.171998
1.171998
1.171998
1.171998
1.171998
1.171998
1.171998
1.171998
1.#INF00
-1.#IND00
1.203483
1.203483
1.203483
1.203483
1.203483
1.203483
1.203483
1.203483
1.203483
1.#INF00
-1.#IND00
1.234957
1.234957
1.234957
1.234957
1.234957
1.234957
1.234957
1.234957
1.234957
1.#INF00
-1.#IND00
1.266421
1.266421
1.266421
1.266421
1.266421
1.266421
1.266421
1.266421
1.266421
1.#INF00
-1.#IND00
1.297875
1.297875
1.297875
1.297875
1.297875
1.297875
1.297875
1.297875
1.297875
1.#INF00
-1.#IND00
1.329319
1.329319
1.329319
1.329319
1.329319
1.329319
1.329319
1.329319
1.329319
1.#INF00
-1.#IND00
1.360754
1.360754
1.360754
1.360754
1.360754
1.360754
1.360754
1.360754
1.360754
1.#INF00
-1.#IND00
1.392178
1.392178
1.392178
1.392178
1.392178
1.392178
1.392178
1.392178
1.392178
1.#INF00
-1.#IND00
1.423592
1.423592
1.423592
1.423592
1.423592
1.423592
1.423592
1.423592
1.423592
1.#INF00
-1.#IND00
1.454996
1.454996
1.454996
1.454996
1.454996
1.454996
1.454996
1.454996
1.454996
1.#INF00
-1.#IND00
1.486390
1.486390
1.486390
1.486390
1.486390
1.486390
1.486390
1.486390
1.486390
1.#INF00
-1.#IND00
1.517774
1.517774
1.517774
1.517774
1.517774
1.517774
1.517774
1.517774
1.517774
1.#INF00
-1.#IND00
1.549148
1.549148
1.549148
1.549148
1.549148
1.549148
1.549148
1.549148
1.549148
1.#INF00
-1.#IND00
1.580512
1.580512
1.580512
1.580512
1.580512
1.580512
1.580512
1.580512
1.580512
1.#INF00
-1.#IND00
1.611867
1.611867
1.611867
1.611867
1.611867
1.611867
1.611867
1.611867
1.611867
1.#INF00
-1.#IND00
1.643211
1.643211
1.643211
1.643211
1.643211
1.643211
1.643211
1.643211
1.643211
1.#INF00
-1.#IND00
1.674545
1.674545
1.674545
1.674545
1.674545
1.674545
1.674545
1.674545
1.674545
1.#INF00
-1.#IND00
1.705869
1.705869
1.705869
1.705869
1.705869
1.705869
1.705869
1.705869
1.705869
1.#INF00
-1.#IND00
1.737183
1.737183
1.737183
1.737183
1.737183
1.737183
1.737183
1.737183
1.737183
1.#INF00
-1.#IND00
1.768487
1.768487
1.768487
1.768487
1.768487
1.768487
1.768487
1.768487
1.768487
1.#INF00
-1.#IND00
1.799782
1.799782
1.799782
1.799782
1.799782
1.799782
1.799782
1.799782
1.799782
1.#INF00
-1.#IND00
1.831066
1.831066
1.831066
1.831066
1.831066
1.831066
1.831066
1.831066
1.831066
1.#INF00
-1.#IND00
1.862340
1.862340
1.862340
1.862340
1.862340
1.862340
1.862340
1.862340
1.862340
1.#INF00
-1.#IND00
1.893605
1.893605
1.893605
1.893605
1.893605
1.893605
1.893605
1.893605
1.893605
1.#INF00
-1.#IND00
1.924859
1.924859
1.924859
1.924859
1.924859
1.924859
1.924859
1.924859
1.924859
1.#INF00
-1.#IND00
1.956103
1.956103
1.956103
1.956103
1.956103
1.956103
1.956103
1.956103
1.956103
1.#INF00
-1.#IND00
1.987338
1.987338
1.987338
1.987338
1.987338
1.987338
1.987338
1.987338
1.987338
1.#INF00
-1.#IND00
2.018562
2.018562
2.018562
2.018562
2.018562
2.018562
2.018562
2.018562
2.018562
1.#INF00
-1.#IND00
2.049777
2.049777
2.049777
2.049777
2.049777
2.049777
2.049777
2.049777
2.049777
1.#INF00
-1.#IND00
2.080982
2.080982
2.080982
2.080982
2.080982
2.080982
2.080982
2.080982
2.080982
1.#INF00
-1.#IND00
2.112176
2.112176
2.112176
2.112176
2.112176
2.112176
2.112176
2.112176
2.112176
1.#INF00
-1.#IND00
2.143361
2.143361
2.143361
2.143361
2.143361
2.143361
2.143361
2.143361
2.143361
1.#INF00
-1.#IND00
2.174536
2.174536
2.174536
2.174536
2.174536
2.174536
2.174536
2.174536
2.174536
1.#INF00
-1.#IND00
2.205701
2.205701
2.205701
2.205701
2.205701
2.205701
2.205701
2.205701
2.205701
1.#INF00
-1.#IND00
2.236856
2.236856
2.236856
2.236856
2.236856
2.236856
2.236856
2.236856
2.236856
1.#INF00
-1.#IND00
2.268001
2.268001
2.268001
2.268001
2.268001
2.268001
2.268001
2.268001
2.268001
1.#INF00
-1.#IND00
2.299136
2.299136
2.299136
2.299136
2.299136
2.299136
2.299136
2.299136
2.299136
1.#INF00
-1.#IND00
2.330261
2.330261
2.330261
2.330261
2.330261
2.330261
2.330261
2.330261
2.330261
1.#INF00
-1.#IND00
2.361376
2.361376
2.361376
2.361376
2.361376
2.361376
2.361376
2.361376
2.361376
1.#INF00
-1.#IND00
2.392482
2.392482
2.392482
2.392482
2.392482
2.392482
2.392482
2.392482
2.392482
1.#INF00
-1.#IND00
2.423577
2.423577
2.423577
2.423577
2.423577
2.423577
2.423577
2.423577
2.423577
1.#INF00
-1.#IND00
2.454663
2.454663
2.454663
2.454663
2.454663
2.454663
2.454663
2.454663
2.454663
1.#INF00
-1.#IND00
2.485738
2.485738
2.485738
2.485738
2.485738
2.485738
2.485738
2.485738
2.485738
1.#INF00
-1.#IND00
2.516804
2.516804
2.516804
2.516804
2.516804
2.516804
2.516804
2.516804
2.516804
1.#INF00
-1.#IND00
2.547860
2.547860
2.547860
2.547860
2.547860
2.547860
2.547860
2.547860
2.547860
1.#INF00
-1.#IND00
2.578906
2.578906
2.578906
2.578906
2.578906
2.578906
2.578906
2.578906
2.578906
1.#INF00
-1.#IND00
2.609942
2.609942
2.609942
2.609942
2.609942
2.609942
2.609942
2.609942
2.609942
1.#INF00
-1.#IND00
2.640968
2.640968
2.640968
2.640968
2.640968
2.640968
2.640968
2.640968
2.640968
1.#INF00
-1.#IND00
2.671984
2.671984
2.671984
2.671984
2.671984
2.671984
2.671984
2.671984
2.671984
1.#INF00
-1.#IND00
2.702991
2.702991
2.702991
2.702991
2.702991
2.702991
2.702991
2.702991
2.702991
1.#INF00
-1.#IND00
2.733987
2.733987
2.733987
2.733987
2.733987
2.733987
2.733987
2.733987
2.733987
1.#INF00
-1.#IND00
2.764974
2.764974
2.764974
2.764974
2.764974
2.764974
2.764974
2.764974
2.764974
1.#INF00
-1.#IND00
2.795951
2.795951
2.795951
2.795951
2.795951
2.795951
2.795951
2.795951
2.795951
1.#INF00
-1.#IND00
2.826918
2.826918
2.826918
2.826918
2.826918
2.826918
2.826918
2.826918
2.826918
1.#INF00
-1.#IND00
2.857875
2.857875
2.857875
2.857875
2.857875
2.857875
2.857875
2.857875
2.857875
1.#INF00
-1.#IND00
2.888822
2.888822
2.888822
2.888822
2.888822
2.888822
2.888822
2.888822
2.888822
1.#INF00
-1.#IND00
2.919759
2.919759
2.919759
2.919759
2.919759
2.919759
2.919759
2.919759
2.919759
1.#INF00
-1.#IND00
2.950687
2.950687
2.950687
2.950687
2.950687
2.950687
2.950687
2.950687
2.950687
1.#INF00
-1.#IND00
2.981604
2.981604
2.981604
2.981604
2.981604
2.981604
2.981604
2.981604
2.981604
1.#INF00
-1.#IND00
3.012512
3.012512
3.012512
3.012512
3.012512
3.012512
3.012512
3.012512
3.012512
1.#INF00
-1.#IND00
3.043410
3.043410
3.043410
3.043410
3.043410
3.043410
3.043410
3.043410
3.043410
1.#INF00
-1.#IND00
3.074298
3.074298
3.074298
3.074298
3.074298
3.074298
3.074298
3.074298
3.074298
1.#INF00
-1.#IND00
3.105176
3.105176
3.105176
3.105176
3.105176
3.105176
3.105176
3.105176
3.105176
1.#INF00
-1.#IND00
3.136045
3.136045
3.136045
3.136045
3.136045
3.136045
3.136045
3.136045
3.136045
1.#INF00
-1.#IND00
3.166903
3.166903
3.166903
3.166903
3.166903
3.166903
3.166903
3.166903
3.166903
1.#INF00
-1.#IND00
3.197752
3.197752
3.197752
3.197752
3.197752
3.197752
3.197752
3.197752
3.197752
1.#INF00
-1.#IND00
3.228591
3.228591
3.228591
3.228591
3.228591
3.228591
3.228591
3.228591
3.228591
1.#INF00
-1.#IND00
3.259420
3.259420
3.259420
3.259420
3.259420
3.259420
3.259420
3.259420
3.259420
1.#INF00
-1.#IND00
3.290239
3.290239
3.290239
3.290239
3.290239
3.290239
3.290239
3.290239
3.290239
1.#INF00
-1.#IND00
3.321049
3.321049
3.321049
3.321049
3.321049
3.321049
3.321049
3.321049
3.321049
1.#INF00
-1.#IND00
3.351848
3.351848
3.351848
3.351848
3.351848
3.351848
3.351848
3.351848
3.351848
1.#INF00
-1.#IND00
3.382638
3.382638
3.382638
3.382638
3.382638
3.382638
3.382638
3.382638
3.382638
1.#INF00
-1.#IND00
3.413418
3.413418
3.413418
3.413418
3.413418
3.413418
3.413418
3.413418
3.413418
1.#INF00
-1.#IND00
3.444188
3.444188
3.444188
3.444188
3.444188
3.444188
3.444188
3.444188
3.444188
1.#INF00
-1.#IND00
3.474949
3.474949
3.474949
3.474949
3.474949
3.474949
3.474949
3.474949
3.474949
1.#INF00
-1.#IND00
3.505699
3.505699
3.505699
3.505699
3.505699
3.505699
3.505699
3.505699
3.505699
1.#INF00
-1.#IND00
3.536440
3.536440
3.536440
3.536440
3.536440
3.536440
3.536440
3.536440
3.536440
1.#INF00
-1.#IND00
3.567171
3.567171
3.567171
3.567171
3.567171
3.567171
3.567171
3.567171
3.567171
1.#INF00
-1.#IND00
3.597892
3.597892
3.597892
3.597892
3.597892
3.597892
3.597892
3.597892
3.597892
1.#INF00
-1.#IND00
3.628604
3.628604
3.628604
3.628604
3.628604
3.628604
3.628604
3.628604
3.628604
1.#INF00
-1.#IND00
3.659306
3.659306
3.659306
3.659306
3.659306
3.659306
3.659306
3.659306
3.659306
1.#INF00
-1.#IND00
3.689997
3.689997
3.689997
3.689997
3.689997
3.689997
3.689997
3.689997
3.689997
1.#INF00
-1.#IND00
3.720679
3.720679
3.720679
3.720679
3.720679
3.720679
3.720679
3.720679
3.720679
1.#INF00
-1.#IND00
3.751352
3.751352
3.751352
3.751352
3.751352
3.751352
3.751352
3.751352
3.751352
1.#INF00
-1.#IND00
3.782014
3.782014
3.782014
3.782014
3.782014
3.782014
3.782014
3.782014
3.782014
1.#INF00
-1.#IND00
3.812667
3.812667
3.812667
3.812667
3.812667
3.812667
3.812667
3.812667
3.812667
1.#INF00
-1.#IND00
3.843310
3.843310
3.843310
3.843310
3.843310
3.843310
3.843310
3.843310
3.843310
1.#INF00
-1.#IND00
3.873943
3.873943
3.873943
3.873943
3.873943
3.873943
3.873943
3.873943
3.873943
1.#INF00
-1.#IND00
3.904567
3.904567
3.904567
3.904567
3.904567
3.904567
3.904567
3.904567
3.904567
1.#INF00
-1.#IND00
3.935181
3.935181
3.935181
3.935181
3.935181
3.935181
3.935181
3.935181
3.935181
1.#INF00
-1.#IND00
3.965785
3.965785
3.965785
3.965785
3.965785
3.965785
3.965785
3.965785
3.965785
1.#INF00
-1.#IND00
3.996379
3.996379
3.996379
3.996379
3.996379
3.996379
3.996379
3.996379
3.996379
1.#INF00
-1.#IND00
4.026963
4.026963
4.026963
4.026963
4.026963
4.026963
4.026963
4.026963
4.026963
1.#INF00
-1.#IND00
4.057538
4.057538
4.057538
4.057538
4.057538
4.057538
4.057538
4.057538
4.057538
1.#INF00
-1.#IND00
4.088103
4.088103
4.088103
4.088103
4.088103
4.088103
4.088103
4.088103
4.088103
1.#INF00
-1.#IND00
4.118658
4.118658
4.118658
4.118658
4.118658
4.118658
4.118658
4.118658
4.118658
1.#INF00
-1.#IND00
4.149204
4.149204
4.149204
4.149204
4.149204
4.149204
4.149204
4.149204
4.149204
1.#INF00
-1.#IND00
4.179740
4.179740
4.179740
4.179740
4.179740
4.179740
4.179740
4.179740
4.179740
1.#INF00
-1.#IND00
4.210266
4.210266
4.210266
4.210266
4.210266
4.210266
4.210266
4.210266
4.210266
1.#INF00
-1.#IND00
4.240782
4.240782
4.240782
4.240782
4.240782
4.240782
4.240782
4.240782
4.240782
1.#INF00
-1.#IND00
4.271289
4.271289
4.271289
4.271289
4.271289
4.271289
4.271289
4.271289
4.271289
1.#INF00
-1.#IND00
4.301786
4.301786
4.301786
4.301786
4.301786
4.301786
4.301786
4.301786
4.301786
1.#INF00
-1.#IND00
4.332273
4.332273
4.332273
4.332273
4.332273
4.332273
4.332273
4.332273
4.332273
1.#INF00
-1.#IND00
4.362750
4.362750
4.362750
4.362750
4.362750
4.362750
4.362750
4.362750
4.362750
1.#INF00
-1.#IND00
4.393218
4.393218
4.393218
4.393218
4.393218
4.393218
4.393218
4.393218
4.393218
1.#INF00
-1.#IND00
4.423676
4.423676
4.423676
4.423676
4.423676
4.423676
4.423676
4.423676
4.423676
1.#INF00
-1.#IND00
4.454125
4.454125
4.454125
4.454125
4.454125
4.454125
4.454125
4.454125
4.454125
1.#INF00
-1.#IND00
4.484563
4.484563
4.484563
4.484563
4.484563
4.484563
4.484563
4.484563
4.484563
1.#INF00
-1.#IND00
4.514992
4.514992
4.514992
4.514992
4.514992
4.514992
4.514992
4.514992
4.514992
1.#INF00
-1.#IND00
4.545411
4.545411
4.545411
4.545411
4.545411
4.545411
4.545411
4.545411
4.545411
1.#INF00
-1.#IND00
4.575821
4.575821
4.575821
4.575821
4.575821
4.575821
4.575821
4.575821
4.575821
1.#INF00
-1.#IND00
4.606221
4.606221
4.606221
4.606221
4.606221
4.606221
4.606221
4.606221
4.606221
1.#INF00
-1.#IND00
4.636611
4.636611
4.636611
4.636611
4.636611
4.636611
4.636611
4.636611
4.636611
1.#INF00
-1.#IND00
4.666992
4.666992
4.666992
4.666992
4.666992
4.666992
4.666992
4.666992
4.666992
1.#INF00
-1.#IND00
4.697362
4.697362
4.697362
4.697362
4.697362
4.697362
4.697362
4.697362
4.697362
1.#INF00
-1.#IND00
4.727724
4.727724
4.727724
4.727724
4.727724
4.727724
4.727724
4.727724
4.727724
1.#INF00
-1.#IND00
4.758075
4.758075
4.758075
4.758075
4.758075
4.758075
4.758075
4.758075
4.758075
1.#INF00
-1.#IND00
4.788417
4.788417
4.788417
4.788417
4.788417
4.788417
4.788417
4.788417
4.788417
1.#INF00
-1.#IND00
4.818749
4.818749
4.818749
4.818749
4.818749
4.818749
4.818749
4.818749
4.818749
1.#INF00
-1.#IND00
4.849072
4.849072
4.849072
4.849072
4.849072
4.849072
4.849072
4.849072
4.849072
1.#INF00
-1.#IND00
4.879384
4.879384
4.879384
4.879384
4.879384
4.879384
4.879384
4.879384
4.879384
1.#INF00
-1.#IND00
4.909688
4.909688
4.909688
4.909688
4.909688
4.909688
4.909688
4.909688
4.909688
1.#INF00
-1.#IND00
4.939981
4.939981
4.939981
4.939981
4.939981
4.939981
4.939981
4.939981
4.939981
1.#INF00
-1.#IND00
4.970265
4.970265
4.970265
4.970265
4.970265
4.970265
4.970265
4.970265
4.970265
1.#INF00
-1.#IND00
5.000539
5.000539
5.000539
5.000539
5.000539
5.000539
5.000539
5.000539
5.000539
1.#INF00
-1.#IND00
5.030804
5.030804
5.030804
5.030804
5.030804
5.030804
5.030804
5.030804
5.030804
1.#INF00
-1.#IND00
5.061059
5.061059
5.061059
5.061059
5.061059
5.061059
5.061059
5.061059
5.061059
1.#INF00
-1.#IND00
5.091304
5.091304
5.091304
5.091304
5.091304
5.091304
5.091304
5.091304
5.091304
1.#INF00
-1.#IND00
5.121540
5.121540
5.121540
5.121540
5.121540
5.121540
5.121540
5.121540
5.121540
1.#INF00
-1.#IND00
5.151766
5.151766
5.151766
5.151766
5.151766
5.151766
5.151766
5.151766
5.151766
1.#INF00
-1.#IND00
5.181982
5.181982
5.181982
5.181982
5.181982
5.181982
5.181982
5.181982
5.181982
1.#INF00
-1.#IND00
5.212189
5.212189
5.212189
5.212189
5.212189
5.212189
5.212189
5.212189
5.212189
1.#INF00
-1.#IND00
5.242386
5.242386
5.242386
5.242386
5.242386
5.242386
5.242386
5.242386
5.242386
1.#INF00
-1.#IND00
5.272574
5.272574
5.272574
5.272574
5.272574
5.272574
5.272574
5.272574
5.272574
1.#INF00
-1.#IND00
5.302752
5.302752
5.302752
5.302752
5.302752
5.302752
5.302752
5.302752
5.302752
1.#INF00
-1.#IND00
5.332920
5.332920
5.332920
5.332920
5.332920
5.332920
5.332920
5.332920
5.332920
1.#INF00
-1.#IND00
5.363079
5.363079
5.363079
5.363079
5.363079
5.363079
5.363079
5.363079
5.363079
1.#INF00
-1.#IND00
5.393228
5.393228
5.393228
5.393228
5.393228
5.393228
5.393228
5.393228
5.393228
1.#INF00
-1.#IND00
5.423367
5.423367
5.423367
5.423367
5.423367
5.423367
5.423367
5.423367
5.423367
1.#INF00
-1.#IND00
5.453497
5.453497
5.453497
5.453497
5.453497
5.453497
5.453497
5.453497
5.453497
1.#INF00
-1.#IND00
5.483617
5.483617
5.483617
5.483617
5.483617
5.483617
5.483617
5.483617
5.483617
1.#INF00
-1.#IND00
5.513728
5.513728
5.513728
5.513728
5.513728
5.513728
5.513728
5.513728
5.513728
1.#INF00
-1.#IND00
5.543829
5.543829
5.543829
5.543829
5.543829
5.543829
5.543829
5.543829
5.543829
1.#INF00
-1.#IND00
5.573921
5.573921
5.573921
5.573921
5.573921
5.573921
5.573921
5.573921
5.573921
1.#INF00
-1.#IND00
5.604003
5.604003
5.604003
5.604003
5.604003
5.604003
5.604003
5.604003
5.604003
1.#INF00
-1.#IND00
5.634075
5.634075
5.634075
5.634075
5.634075
5.634075
5.634075
5.634075
5.634075
1.#INF00
-1.#IND00
5.664138
5.664138
5.664138
5.664138
5.664138
5.664138
5.664138
5.664138
5.664138
1.#INF00
-1.#IND00
5.694191
5.694191
5.694191
5.694191
5.694191
5.694191
5.694191
5.694191
5.694191
1.#INF00
-1.#IND00
5.724234
5.724234
5.724234
5.724234
5.724234
5.724234
5.724234
5.724234
5.724234
1.#INF00
-1.#IND00
5.754268
5.754268
5.754268
5.754268
5.754268
5.754268
5.754268
5.754268
5.754268
1.#INF00
-1.#IND00
5.784293
5.784293
5.784293
5.784293
5.784293
5.784293
5.784293
5.784293
5.784293
1.#INF00
-1.#IND00
5.814308
5.814308
5.814308
5.814308
5.814308
5.814308
5.814308
5.814308
5.814308
1.#INF00
-1.#IND00
5.844313
5.844313
5.844313
5.844313
5.844313
5.844313
5.844313
5.844313
5.844313
1.#INF00
-1.#IND00
5.874309
5.874309
5.874309
5.874309
5.874309
5.874309
5.874309
5.874309
5.874309
1.#INF00
-1.#IND00
5.904295
5.904295
5.904295
5.904295
5.904295
5.904295
5.904295
5.904295
5.904295
1.#INF00
-1.#IND00
5.934272
5.934272
5.934272
5.934272
5.934272
5.934272
5.934272
5.934272
5.934272
1.#INF00
-1.#IND00
5.964239
5.964239
5.964239
5.964239
5.964239
5.964239
5.964239
5.964239
5.964239
1.#INF00
-1.#IND00
5.994197
5.994197
5.994197
5.994197
5.994197
5.994197
5.994197
5.994197
5.994197
1.#INF00
-1.#IND00
6.024145
6.024145
6.024145
6.024145
6.024145
6.024145
6.024145
6.024145
6.024145
1.#INF00
-1.#IND00
6.054083
6.054083
6.054083
6.054083
6.054083
6.054083
6.054083
6.054083
6.054083
1.#INF00
-1.#IND00
6.084012
6.084012
6.084012
6.084012
6.084012
6.084012
6.084012
6.084012
6.084012
1.#INF00
-1.#IND00
6.113931
6.113931
6.113931
6.113931
6.113931
6.113931
6.113931
6.113931
6.113931
1.#INF00
-1.#IND00
6.143841
6.143841
6.143841
6.143841
6.143841
6.143841
6.143841
6.143841
6.143841
1.#INF00
-1.#IND00
6.173742
6.173742
6.173742
6.173742
6.173742
6.173742
6.173742
6.173742
6.173742
1.#INF00
-1.#IND00
6.203633
6.203633
6.203633
6.203633
6.203633
6.203633
6.203633
6.203633
6.203633
1.#INF00
-1.#IND00
6.233514
6.233514
6.233514
6.233514
6.233514
6.233514
6.233514
6.233514
6.233514
1.#INF00
-1.#IND00
6.263386
6.263386
6.263386
6.263386
6.263386
6.263386
6.263386
6.263386
6.263386
1.#INF00
-1.#IND00
6.293248
6.293248
6.293248
6.293248
6.293248
6.293248
6.293248
6.293248
6.293248
1.#INF00
-1.#IND00
6.323101
6.323101
6.323101
6.323101
6.323101
6.323101
6.323101
6.323101
6.323101
1.#INF00
-1.#IND00
6.352944
6.352944
6.352944
6.352944
6.352944
6.352944
6.352944
6.352944
6.352944
1.#INF00
-1.#IND00
6.382778
6.382778
6.382778
6.382778
6.382778
6.382778
6.382778
6.382778
6.382778
1.#INF00
-1.#IND00
6.412602
6.412602
6.412602
6.412602
6.412602
6.412602
6.412602
6.412602
6.412602
1.#INF00
-1.#IND00
6.442417
6.442417
6.442417
6.442417
6.442417
6.442417
6.442417
6.442417
6.442417
1.#INF00
-1.#IND00
6.472222
6.472222
6.472222
6.472222
6.472222
6.472222
6.472222
6.472222
6.472222
1.#INF00
-1.#IND00
6.502018
6.502018
6.502018
6.502018
6.502018
6.502018
6.502018
6.502018
6.502018
1.#INF00
-1.#IND00
6.531804
6.531804
6.531804
6.531804
6.531804
6.531804
6.531804
6.531804
6.531804
1.#INF00
-1.#IND00
6.561581
6.561581
6.561581
6.561581
6.561581
6.561581
6.561581
6.561581
6.561581
1.#INF00
-1.#IND00
6.591348
6.591348
6.591348
6.591348
6.591348
6.591348
6.591348
6.591348
6.591348
1.#INF00
-1.#IND00
6.621106
6.621106
6.621106
6.621106
6.621106
6.621106
6.621106
6.621106
6.621106
1.#INF00
-1.#IND00
6.650854
6.650854
6.650854
6.650854
6.650854
6.650854
6.650854
6.650854
6.650854
1.#INF00
-1.#IND00
6.680593
6.680593
6.680593
6.680593
6.680593
6.680593
6.680593
6.680593
6.680593
1.#INF00
-1.#IND00
6.710322
6.710322
6.710322
6.710322
6.710322
6.710322
6.710322
6.710322
6.710322
1.#INF00
-1.#IND00
6.740042
6.740042
6.740042
6.740042
6.740042
6.740042
6.740042
6.740042
6.740042
1.#INF00
-1.#IND00
6.769752
6.769752
6.769752
6.769752
6.769752
6.769752
6.769752
6.769752
6.769752
1.#INF00
-1.#IND00
6.799453
6.799453
6.799453
6.799453
6.799453
6.799453
6.799453
6.799453
6.799453
1.#INF00
-1.#IND00
6.829145
6.829145
6.829145
6.829145
6.829145
6.829145
6.829145
6.829145
6.829145
1.#INF00
-1.#IND00
6.858827
6.858827
6.858827
6.858827
6.858827
6.858827
6.858827
6.858827
6.858827
1.#INF00
-1.#IND00
6.888500
6.888500
6.888500
6.888500
6.888500
6.888500
6.888500
6.888500
6.888500
1.#INF00
-1.#IND00
6.918163
6.918163
6.918163
6.918163
6.918163
6.918163
6.918163
6.918163
6.918163
1.#INF00
-1.#IND00
6.947816
6.947816
6.947816
6.947816
6.947816
6.947816
6.947816
6.947816
6.947816
1.#INF00
-1.#IND00
6.977461
6.977461
6.977461
6.977461
6.977461
6.977461
6.977461
6.977461
6.977461
1.#INF00
-1.#IND00
7.007095
7.007095
7.007095
7.007095
7.007095
7.007095
7.007095
7.007095
7.007095
1.#INF00
-1.#IND00
7.036721
7.036721
7.036721
7.036721
7.036721
7.036721
7.036721
7.036721
7.036721
1.#INF00
-1.#IND00
7.066337
7.066337
7.066337
7.066337
7.066337
7.066337
7.066337
7.066337
7.066337
1.#INF00
-1.#IND00
7.095943
7.095943
7.095943
7.095943
7.095943
7.095943
7.095943
7.095943
7.095943
1.#INF00
-1.#IND00
7.125540
7.125540
7.125540
7.125540
7.125540
7.125540
7.125540
7.125540
7.125540
1.#INF00
-1.#IND00
7.155128
7.155128
7.155128
7.155128
7.155128
7.155128
7.155128
7.155128
7.155128
1.#INF00
-1.#IND00
7.184706
7.184706
7.184706
7.184706
7.184706
7.184706
7.184706
7.184706
7.184706
1.#INF00
-1.#IND00
7.214275
7.214275
7.214275
7.214275
7.214275
7.214275
7.214275
7.214275
7.214275
1.#INF00
-1.#IND00
7.243834
7.243834
7.243834
7.243834
7.243834
7.243834
7.243834
7.243834
7.243834
1.#INF00
-1.#IND00
7.273384
7.273384
7.273384
7.273384
7.273384
7.273384
7.273384
7.273384
7.273384
1.#INF00
-1.#IND00
7.302924
7.302924
7.302924
7.302924
7.302924
7.302924
7.302924
7.302924
7.302924
1.#INF00
-1.#IND00
7.332456
7.332456
7.332456
7.332456
7.332456
7.332456
7.332456
7.332456
7.332456
1.#INF00
-1.#IND00
7.361977
7.361977
7.361977
7.361977
7.361977
7.361977
7.361977
7.361977
7.361977
1.#INF00
-1.#IND00
7.391490
7.391490
7.391490
7.391490
7.391490
7.391490
7.391490
7.391490
7.391490
1.#INF00
-1.#IND00
7.420992
7.420992
7.420992
7.420992
7.420992
7.420992
7.420992
7.420992
7.420992
1.#INF00
-1.#IND00
7.450486
7.450486
7.450486
7.450486
7.450486
7.450486
7.450486
7.450486
7.450486
1.#INF00
-1.#IND00
7.479970
7.479970
7.479970
7.479970
7.479970
7.479970
7.479970
7.479970
7.479970
1.#INF00
-1.#IND00
7.509445
7.509445
7.509445
7.509445
7.509445
7.509445
7.509445
7.509445
7.509445
1.#INF00
-1.#IND00
7.538910
7.538910
7.538910
7.538910
7.538910
7.538910
7.538910
7.538910
7.538910
1.#INF00
-1.#IND00
7.568366
7.568366
7.568366
7.568366
7.568366
7.568366
7.568366
7.568366
7.568366
1.#INF00
-1.#IND00
7.597812
7.597812
7.597812
7.597812
7.597812
7.597812
7.597812
7.597812
7.597812
1.#INF00
-1.#IND00
7.627250
7.627250
7.627250
7.627250
7.627250
7.627250
7.627250
7.627250
7.627250
1.#INF00
-1.#IND00
7.656677
7.656677
7.656677
7.656677
7.656677
7.656677
7.656677
7.656677
7.656677
1.#INF00
-1.#IND00
7.686096
7.686096
7.686096
7.686096
7.686096
7.686096
7.686096
7.686096
7.686096
1.#INF00
-1.#IND00
7.715505
7.715505
7.715505
7.715505
7.715505
7.715505
7.715505
7.715505
7.715505
1.#INF00
-1.#IND00
7.744904
7.744904
7.744904
7.744904
7.744904
7.744904
7.744904
7.744904
7.744904
1.#INF00
-1.#IND00
7.774295
7.774295
7.774295
7.774295
7.774295
7.774295
7.774295
7.774295
7.774295
1.#INF00
