0.000000
0.000000
0.000000
0.000000
0.000000
0.000000
0.000000
0.000000
0.000000
0.000000
0.000000
0.000000
0.107017
0.107017
0.107017
0.107017
0.107017
0.107017
0.107017
0.107017
0.107017
0.000000
0.000000
0.213919
0.213919
0.213919
0.213919
0.213919
0.213919
0.213919
0.213919
0.213919
0.000000
0.000000
0.320707
0.320707
0.320707
0.320707
0.320707
0.320707
0.320707
0.320707
0.320707
0.000000
0.000000
0.427380
0.427380
0.427380
0.427380
0.427380
0.427380
0.427380
0.427380
0.427380
0.000000
0.000000
0.533939
0.533939
0.533939
0.533939
0.533939
0.533939
0.533939
0.533939
0.533939
0.000000
0.000000
0.640385
0.640385
0.640385
0.640385
0.640385
0.640385
0.640385
0.640385
0.640385
0.000000
0.000000
0.746716
0.746716
0.746716
0.746716
0.746716
0.746716
0.746716
0.746716
0.746716
0.000000
0.000000
0.852933
0.852933
0.852933
0.852933
0.852933
0.852933
0.852933
0.852933
0.852933
0.000000
0.000000
0.959037
0.959037
0.959037
0.959037
0.959037
0.959037
0.959037
0.959037
0.959037
0.000000
0.000000
1.065028
1.065028
1.065028
1.065028
1.065028
1.065028
1.065028
1.065028
1.065028
0.000000
0.000000
1.170905
1.170905
1.170905
1.170905
1.170905
1.170905
1.170905
1.170905
1.170905
0.000000
0.000000
1.276668
1.276668
1.276668
1.276668
1.276668
1.276668
1.276668
1.276668
1.276668
0.000000
0.000000
1.382319
1.382319
1.382319
1.382319
1.382319
1.382319
1.382319
1.382319
1.382319
0.000000
0.000000
1.487856
1.487856
1.487856
1.487856
1.487856
1.487856
1.487856
1.487856
1.487856
0.000000
0.000000
1.593280
1.593280
1.593280
1.593280
1.593280
1.593280
1.593280
1.593280
1.593280
0.000000
0.000000
1.698592
1.698592
1.698592
1.698592
1.698592
1.698592
1.698592
1.698592
1.698592
0.000000
0.000000
1.803791
1.803791
1.803791
1.803791
1.803791
1.803791
1.803791
1.803791
1.803791
0.000000
0.000000
1.908877
1.908877
1.908877
1.908877
1.908877
1.908877
1.908877
1.908877
1.908877
0.000000
0.000000
2.013851
2.013851
2.013851
2.013851
2.013851
2.013851
2.013851
2.013851
2.013851
0.000000
0.000000
2.118713
2.118713
2.118713
2.118713
2.118713
2.118713
2.118713
2.118713
2.118713
0.000000
0.000000
2.223462
2.223462
2.223462
2.223462
2.223462
2.223462
2.223462
2.223462
2.223462
0.000000
0.000000
2.328099
2.328099
2.328099
2.328099
2.328099
2.328099
2.328099
2.328099
2.328099
0.000000
0.000000
2.432624
2.432624
2.432624
2.432624
2.432624
2.432624
2.432624
2.432624
2.432624
0.000000
0.000000
2.537038
2.537038
2.537038
2.537038
2.537038
2.537038
2.537038
2.537038
2.537038
0.000000
0.000000
2.641339
2.641339
2.641339
2.641339
2.641339
2.641339
2.641339
2.641339
2.641339
0.000000
0.000000
2.745529
2.745529
2.745529
2.745529
2.745529
2.745529
2.745529
2.745529
2.745529
0.000000
0.000000
2.849608
2.849608
2.849608
2.849608
2.849608
2.849608
2.849608
2.849608
2.849608
0.000000
0.000000
2.953575
2.953575
2.953575
2.953575
2.953575
2.953575
2.953575
2.953575
2.953575
0.000000
0.000000
3.057431
3.057431
3.057431
3.057431
3.057431
3.057431
3.057431
3.057431
3.057431
0.000000
0.000000
3.161175
3.161175
3.161175
3.161175
3.161175
3.161175
3.161175
3.161175
3.161175
0.000000
0.000000
3.264809
3.264809
3.264809
3.264809
3.264809
3.264809
3.264809
3.264809
3.264809
0.000000
0.000000
3.368332
3.368332
3.368332
3.368332
3.368332
3.368332
3.368332
3.368332
3.368332
0.000000
0.000000
3.471744
3.471744
3.471744
3.471744
3.471744
3.471744
3.471744
3.471744
3.471744
0.000000
0.000000
3.575045
3.575045
3.575045
3.575045
3.575045
3.575045
3.575045
3.575045
3.575045
0.000000
0.000000
3.678236
3.678236
3.678236
3.678236
3.678236
3.678236
3.678236
3.678236
3.678236
0.000000
0.000000
3.781316
3.781316
3.781316
3.781316
3.781316
3.781316
3.781316
3.781316
3.781316
0.000000
0.000000
3.884286
3.884286
3.884286
3.884286
3.884286
3.884286
3.884286
3.884286
3.884286
0.000000
0.000000
3.987146
3.987146
3.987146
3.987146
3.987146
3.987146
3.987146
3.987146
3.987146
0.000000
0.000000
4.089896
4.089896
4.089896
4.089896
4.089896
4.089896
4.089896
4.089896
4.089896
0.000000
0.000000
4.192536
4.192536
4.192536
4.192536
4.192536
4.192536
4.192536
4.192536
4.192536
0.000000
0.000000
4.295066
4.295066
4.295066
4.295066
4.295066
4.295066
4.295066
4.295066
4.295066
0.000000
0.000000
4.397486
4.397486
4.397486
4.397486
4.397486
4.397486
4.397486
4.397486
4.397486
0.000000
0.000000
4.499797
4.499797
4.499797
4.499797
4.499797
4.499797
4.499797
4.499797
4.499797
0.000000
0.000000
4.601998
4.601998
4.601998
4.601998
4.601998
4.601998
4.601998
4.601998
4.601998
0.000000
0.000000
4.704089
4.704089
4.704089
4.704089
4.704089
4.704089
4.704089
4.704089
4.704089
0.000000
0.000000
4.806072
4.806072
4.806072
4.806072
4.806072
4.806072
4.806072
4.806072
4.806072
0.000000
0.000000
4.907945
4.907945
4.907945
4.907945
4.907945
4.907945
4.907945
4.907945
4.907945
0.000000
0.000000
5.009710
5.009710
5.009710
5.009710
5.009710
5.009710
5.009710
5.009710
5.009710
0.000000
0.000000
5.111365
5.111365
5.111365
5.111365
5.111365
5.111365
5.111365
5.111365
5.111365
0.000000
0.000000
5.212912
5.212912
5.212912
5.212912
5.212912
5.212912
5.212912
5.212912
5.212912
0.000000
0.000000
5.314350
5.314350
5.314350
5.314350
5.314350
5.314350
5.314350
5.314350
5.314350
0.000000
0.000000
5.415679
5.415679
5.415679
5.415679
5.415679
5.415679
5.415679
5.415679
5.415679
0.000000
0.000000
5.516900
5.516900
5.516900
5.516900
5.516900
5.516900
5.516900
5.516900
5.516900
0.000000
0.000000
5.618013
5.618013
5.618013
5.618013
5.618013
5.618013
5.618013
5.618013
5.618013
0.000000
0.000000
5.719017
5.719017
5.719017
5.719017
5.719017
5.719017
5.719017
5.719017
5.719017
0.000000
0.000000
5.819914
5.819914
5.819914
5.819914
5.819914
5.819914
5.819914
5.819914
5.819914
0.000000
0.000000
5.920702
5.920702
5.920702
5.920702
5.920702
5.920702
5.920702
5.920702
5.920702
0.000000
0.000000
6.021383
6.021383
6.021383
6.021383
6.021383
6.021383
6.021383
6.021383
6.021383
0.000000
0.000000
6.121955
6.121955
6.121955
6.121955
6.121955
6.121955
6.121955
6.121955
6.121955
0.000000
0.000000
6.222420
6.222420
6.222420
6.222420
6.222420
6.222420
6.222420
6.222420
6.222420
0.000000
0.000000
6.322778
6.322778
6.322778
6.322778
6.322778
6.322778
6.322778
6.322778
6.322778
0.000000
0.000000
6.423028
6.423028
6.423028
6.423028
6.423028
6.423028
6.423028
6.423028
6.423028
0.000000
0.000000
6.523171
6.523171
6.523171
6.523171
6.523171
6.523171
6.523171
6.523171
6.523171
0.000000
0.000000
6.623207
6.623207
6.623207
6.623207
6.623207
6.623207
6.623207
6.623207
6.623207
0.000000
0.000000
6.723136
6.723136
6.723136
6.723136
6.723136
6.723136
6.723136
6.723136
6.723136
0.000000
0.000000
6.822958
6.822958
6.822958
6.822958
6.822958
6.822958
6.822958
6.822958
6.822958
0.000000
0.000000
6.922673
6.922673
6.922673
6.922673
6.922673
6.922673
6.922673
6.922673
6.922673
0.000000
0.000000
7.022281
7.022281
7.022281
7.022281
7.022281
7.022281
7.022281
7.022281
7.022281
0.000000
0.000000
7.121783
7.121783
7.121783
7.121783
7.121783
7.121783
7.121783
7.121783
7.121783
0.000000
0.000000
7.221178
7.221178
7.221178
7.221178
7.221178
7.221178
7.221178
7.221178
7.221178
0.000000
0.000000
7.320467
7.320467
7.320467
7.320467
7.320467
7.320467
7.320467
7.320467
7.320467
0.000000
0.000000
7.419649
7.419649
7.419649
7.419649
7.419649
7.419649
7.419649
7.419649
7.419649
0.000000
0.000000
7.518725
7.518725
7.518725
7.518725
7.518725
7.518725
7.518725
7.518725
7.518725
0.000000
0.000000
7.617696
7.617696
7.617696
7.617696
7.617696
7.617696
7.617696
7.617696
7.617696
0.000000
0.000000
7.716560
7.716560
7.716560
7.716560
7.716560
7.716560
7.716560
7.716560
7.716560
0.000000
0.000000
7.815319
7.815319
7.815319
7.815319
7.815319
7.815319
7.815319
7.815319
7.815319
0.000000
0.000000
7.913972
7.913972
7.913972
7.913972
7.913972
7.913972
7.913972
7.913972
7.913972
0.000000
0.000000
8.012519
8.012519
8.012519
8.012519
8.012519
8.012519
8.012519
8.012519
8.012519
0.000000
0.000000
8.110961
8.110961
8.110961
8.110961
8.110961
8.110961
8.110961
8.110961
8.110961
0.000000
0.000000
8.209298
8.209298
8.209298
8.209298
8.209298
8.209298
8.209298
8.209298
8.209298
0.000000
0.000000
8.307529
8.307529
8.307529
8.307529
8.307529
8.307529
8.307529
8.307529
8.307529
0.000000
0.000000
8.405655
8.405655
8.405655
8.405655
8.405655
8.405655
8.405655
8.405655
8.405655
0.000000
0.000000
8.503677
8.503677
8.503677
8.503677
8.503677
8.503677
8.503677
8.503677
8.503677
0.000000
0.000000
8.601593
8.601593
8.601593
8.601593
8.601593
8.601593
8.601593
8.601593
8.601593
0.000000
0.000000
8.699405
8.699405
8.699405
8.699405
8.699405
8.699405
8.699405
8.699405
8.699405
0.000000
0.000000
8.797111
8.797111
8.797111
8.797111
8.797111
8.797111
8.797111
8.797111
8.797111
0.000000
0.000000
8.894714
8.894714
8.894714
8.894714
8.894714
8.894714
8.894714
8.894714
8.894714
0.000000
0.000000
8.992211
8.992211
8.992211
8.992211
8.992211
8.992211
8.992211
8.992211
8.992211
0.000000
0.000000
9.089605
9.089605
9.089605
9.089605
9.089605
9.089605
9.089605
9.089605
9.089605
0.000000
0.000000
9.186894
9.186894
9.186894
9.186894
9.186894
9.186894
9.186894
9.186894
9.186894
0.000000
0.000000
9.284079
9.284079
9.284079
9.284079
9.284079
9.284079
9.284079
9.284079
9.284079
0.000000
0.000000
9.381161
9.381161
9.381161
9.381161
9.381161
9.381161
9.381161
9.381161
9.381161
0.000000
0.000000
9.478138
9.478138
9.478138
9.478138
9.478138
9.478138
9.478138
9.478138
9.478138
0.000000
0.000000
9.575011
9.575011
9.575011
9.575011
9.575011
9.575011
9.575011
9.575011
9.575011
0.000000
0.000000
9.671781
9.671781
9.671781
9.671781
9.671781
9.671781
9.671781
9.671781
9.671781
0.000000
0.000000
9.768447
9.768447
9.768447
9.768447
9.768447
9.768447
9.768447
9.768447
9.768447
0.000000
0.000000
9.865010
9.865010
9.865010
9.865010
9.865010
9.865010
9.865010
9.865010
9.865010
0.000000
0.000000
9.961470
9.961470
9.961470
9.961470
9.961470
9.961470
9.961470
9.961470
9.961470
0.000000
0.000000
10.057826
10.057826
10.057826
10.057826
10.057826
10.057826
10.057826
10.057826
10.057826
0.000000
0.000000
10.154079
10.154079
10.154079
10.154079
10.154079
10.154079
10.154079
10.154079
10.154079
0.000000
0.000000
10.250229
10.250229
10.250229
10.250229
10.250229
10.250229
10.250229
10.250229
10.250229
0.000000
0.000000
10.346276
10.346276
10.346276
10.346276
10.346276
10.346276
10.346276
10.346276
10.346276
0.000000
0.000000
10.442221
10.442221
10.442221
10.442221
10.442221
10.442221
10.442221
10.442221
10.442221
0.000000
0.000000
10.538063
10.538063
10.538063
10.538063
10.538063
10.538063
10.538063
10.538063
10.538063
0.000000
0.000000
10.633802
10.633802
10.633802
10.633802
10.633802
10.633802
10.633802
10.633802
10.633802
0.000000
0.000000
10.729438
10.729438
10.729438
10.729438
10.729438
10.729438
10.729438
10.729438
10.729438
0.000000
0.000000
10.824973
10.824973
10.824973
10.824973
10.824973
10.824973
10.824973
10.824973
10.824973
0.000000
0.000000
10.920405
10.920405
10.920405
10.920405
10.920405
10.920405
10.920405
10.920405
10.920405
0.000000
0.000000
11.015735
11.015735
11.015735
11.015735
11.015735
11.015735
11.015735
11.015735
11.015735
0.000000
0.000000
11.110963
11.110963
11.110963
11.110963
11.110963
11.110963
11.110963
11.110963
11.110963
0.000000
0.000000
11.206089
11.206089
11.206089
11.206089
11.206089
11.206089
11.206089
11.206089
11.206089
0.000000
0.000000
11.301113
11.301113
11.301113
11.301113
11.301113
11.301113
11.301113
11.301113
11.301113
0.000000
0.000000
11.396036
11.396036
11.396036
11.396036
11.396036
11.396036
11.396036
11.396036
11.396036
0.000000
0.000000
11.490857
11.490857
11.490857
11.490857
11.490857
11.490857
11.490857
11.490857
11.490857
0.000000
0.000000
11.585576
11.585576
11.585576
11.585576
11.585576
11.585576
11.585576
11.585576
11.585576
0.000000
0.000000
11.680195
11.680195
11.680195
11.680195
11.680195
11.680195
11.680195
11.680195
11.680195
0.000000
0.000000
11.774712
11.774712
11.774712
11.774712
11.774712
11.774712
11.774712
11.774712
11.774712
0.000000
0.000000
11.869127
11.869127
11.869127
11.869127
11.869127
11.869127
11.869127
11.869127
11.869127
0.000000
0.000000
11.963442
11.963442
11.963442
11.963442
11.963442
11.963442
11.963442
11.963442
11.963442
0.000000
0.000000
12.057656
12.057656
12.057656
12.057656
12.057656
12.057656
12.057656
12.057656
12.057656
0.000000
0.000000
12.151769
12.151769
12.151769
12.151769
12.151769
12.151769
12.151769
12.151769
12.151769
0.000000
0.000000
12.245781
12.245781
12.245781
12.245781
12.245781
12.245781
12.245781
12.245781
12.245781
0.000000
0.000000
12.339693
12.339693
12.339693
12.339693
12.339693
12.339693
12.339693
12.339693
12.339693
0.000000
0.000000
12.433504
12.433504
12.433504
12.433504
12.433504
12.433504
12.433504
12.433504
12.433504
0.000000
0.000000
12.527215
12.527215
12.527215
12.527215
12.527215
12.527215
12.527215
12.527215
12.527215
0.000000
0.000000
12.620825
12.620825
12.620825
12.620825
12.620825
12.620825
12.620825
12.620825
12.620825
0.000000
0.000000
12.714335
12.714335
12.714335
12.714335
12.714335
12.714335
12.714335
12.714335
12.714335
0.000000
0.000000
12.807746
12.807746
12.807746
12.807746
12.807746
12.807746
12.807746
12.807746
12.807746
0.000000
0.000000
12.901056
12.901056
12.901056
12.901056
12.901056
12.901056
12.901056
12.901056
12.901056
0.000000
0.000000
12.994266
12.994266
12.994266
12.994266
12.994266
12.994266
12.994266
12.994266
12.994266
0.000000
0.000000
13.087377
13.087377
13.087377
13.087377
13.087377
13.087377
13.087377
13.087377
13.087377
0.000000
0.000000
13.180388
13.180388
13.180388
13.180388
13.180388
13.180388
13.180388
13.180388
13.180388
0.000000
0.000000
13.273299
13.273299
13.273299
13.273299
13.273299
13.273299
13.273299
13.273299
13.273299
0.000000
0.000000
13.366111
13.366111
13.366111
13.366111
13.366111
13.366111
13.366111
13.366111
13.366111
0.000000
0.000000
13.458824
13.458824
13.458824
13.458824
13.458824
13.458824
13.458824
13.458824
13.458824
0.000000
0.000000
13.551437
13.551437
13.551437
13.551437
13.551437
13.551437
13.551437
13.551437
13.551437
0.000000
0.000000
13.643952
13.643952
13.643952
13.643952
13.643952
13.643952
13.643952
13.643952
13.643952
0.000000
0.000000
13.736367
13.736367
13.736367
13.736367
13.736367
13.736367
13.736367
13.736367
13.736367
0.000000
0.000000
13.828684
13.828684
13.828684
13.828684
13.828684
13.828684
13.828684
13.828684
13.828684
0.000000
0.000000
13.920901
13.920901
13.920901
13.920901
13.920901
13.920901
13.920901
13.920901
13.920901
0.000000
0.000000
14.013020
14.013020
14.013020
14.013020
14.013020
14.013020
14.013020
14.013020
14.013020
0.000000
0.000000
14.105041
14.105041
14.105041
14.105041
14.105041
14.105041
14.105041
14.105041
14.105041
0.000000
0.000000
14.196963
14.196963
14.196963
14.196963
14.196963
14.196963
14.196963
14.196963
14.196963
0.000000
0.000000
14.288786
14.288786
14.288786
14.288786
14.288786
14.288786
14.288786
14.288786
14.288786
0.000000
0.000000
14.380511
14.380511
14.380511
14.380511
14.380511
14.380511
14.380511
14.380511
14.380511
0.000000
0.000000
14.472139
14.472139
14.472139
14.472139
14.472139
14.472139
14.472139
14.472139
14.472139
0.000000
0.000000
14.563668
14.563668
14.563668
14.563668
14.563668
14.563668
14.563668
14.563668
14.563668
0.000000
0.000000
14.655099
14.655099
14.655099
14.655099
14.655099
14.655099
14.655099
14.655099
14.655099
0.000000
0.000000
14.746432
14.746432
14.746432
14.746432
14.746432
14.746432
14.746432
14.746432
14.746432
0.000000
0.000000
14.837668
14.837668
14.837668
14.837668
14.837668
14.837668
14.837668
14.837668
14.837668
0.000000
0.000000
14.928805
14.928805
14.928805
14.928805
14.928805
14.928805
14.928805
14.928805
14.928805
0.000000
0.000000
15.019846
15.019846
15.019846
15.019846
15.019846
15.019846
15.019846
15.019846
15.019846
0.000000
0.000000
15.110789
15.110789
15.110789
15.110789
15.110789
15.110789
15.110789
15.110789
15.110789
0.000000
0.000000
15.201634
15.201634
15.201634
15.201634
15.201634
15.201634
15.201634
15.201634
15.201634
0.000000
0.000000
15.292383
15.292383
15.292383
15.292383
15.292383
15.292383
15.292383
15.292383
15.292383
0.000000
0.000000
15.383034
15.383034
15.383034
15.383034
15.383034
15.383034
15.383034
15.383034
15.383034
0.000000
0.000000
15.473588
15.473588
15.473588
15.473588
15.473588
15.473588
15.473588
15.473588
15.473588
0.000000
0.000000
15.564046
15.564046
15.564046
15.564046
15.564046
15.564046
15.564046
15.564046
15.564046
0.000000
0.000000
15.654406
15.654406
15.654406
15.654406
15.654406
15.654406
15.654406
15.654406
15.654406
0.000000
0.000000
15.744670
15.744670
15.744670
15.744670
15.744670
15.744670
15.744670
15.744670
15.744670
0.000000
0.000000
15.834837
15.834837
15.834837
15.834837
15.834837
15.834837
15.834837
15.834837
15.834837
0.000000
0.000000
15.924908
15.924908
15.924908
15.924908
15.924908
15.924908
15.924908
15.924908
15.924908
0.000000
0.000000
16.014882
16.014882
16.014882
16.014882
16.014882
16.014882
16.014882
16.014882
16.014882
0.000000
0.000000
16.104760
16.104760
16.104760
16.104760
16.104760
16.104760
16.104760
16.104760
16.104760
0.000000
0.000000
16.194542
16.194542
16.194542
16.194542
16.194542
16.194542
16.194542
16.194542
16.194542
0.000000
0.000000
16.284228
16.284228
16.284228
16.284228
16.284228
16.284228
16.284228
16.284228
16.284228
0.000000
0.000000
16.373818
16.373818
16.373818
16.373818
16.373818
16.373818
16.373818
16.373818
16.373818
0.000000
0.000000
16.463312
16.463312
16.463312
16.463312
16.463312
16.463312
16.463312
16.463312
16.463312
0.000000
0.000000
16.552710
16.552710
16.552710
16.552710
16.552710
16.552710
16.552710
16.552710
16.552710
0.000000
0.000000
16.642013
16.642013
16.642013
16.642013
16.642013
16.642013
16.642013
16.642013
16.642013
0.000000
0.000000
16.731220
16.731220
16.731220
16.731220
16.731220
16.731220
16.731220
16.731220
16.731220
0.000000
0.000000
16.820331
16.820331
16.820331
16.820331
16.820331
16.820331
16.820331
16.820331
16.820331
0.000000
0.000000
16.909347
16.909347
16.909347
16.909347
16.909347
16.909347
16.909347
16.909347
16.909347
0.000000
0.000000
16.998268
16.998268
16.998268
16.998268
16.998268
16.998268
16.998268
16.998268
16.998268
0.000000
0.000000
17.087094
17.087094
17.087094
17.087094
17.087094
17.087094
17.087094
17.087094
17.087094
0.000000
0.000000
17.175824
17.175824
17.175824
17.175824
17.175824
17.175824
17.175824
17.175824
17.175824
0.000000
0.000000
17.264460
17.264460
17.264460
17.264460
17.264460
17.264460
17.264460
17.264460
17.264460
0.000000
0.000000
17.353001
17.353001
17.353001
17.353001
17.353001
17.353001
17.353001
17.353001
17.353001
0.000000
0.000000
17.441447
17.441447
17.441447
17.441447
17.441447
17.441447
17.441447
17.441447
17.441447
0.000000
0.000000
17.529798
17.529798
17.529798
17.529798
17.529798
17.529798
17.529798
17.529798
17.529798
0.000000
0.000000
17.618055
17.618055
17.618055
17.618055
17.618055
17.618055
17.618055
17.618055
17.618055
0.000000
0.000000
17.706218
17.706218
17.706218
17.706218
17.706218
17.706218
17.706218
17.706218
17.706218
0.000000
0.000000
17.794286
17.794286
17.794286
17.794286
17.794286
17.794286
17.794286
17.794286
17.794286
0.000000
0.000000
17.882259
17.882259
17.882259
17.882259
17.882259
17.882259
17.882259
17.882259
17.882259
0.000000
0.000000
17.970139
17.970139
17.970139
17.970139
17.970139
17.970139
17.970139
17.970139
17.970139
0.000000
0.000000
18.057925
18.057925
18.057925
18.057925
18.057925
18.057925
18.057925
18.057925
18.057925
0.000000
0.000000
18.145616
18.145616
18.145616
18.145616
18.145616
18.145616
18.145616
18.145616
18.145616
0.000000
0.000000
18.233214
18.233214
18.233214
18.233214
18.233214
18.233214
18.233214
18.233214
18.233214
0.000000
0.000000
18.320718
18.320718
18.320718
18.320718
18.320718
18.320718
18.320718
18.320718
18.320718
0.000000
0.000000
18.408129
18.408129
18.408129
18.408129
18.408129
18.408129
18.408129
18.408129
18.408129
0.000000
0.000000
18.495446
18.495446
18.495446
18.495446
18.495446
18.495446
18.495446
18.495446
18.495446
0.000000
0.000000
18.582669
18.582669
18.582669
18.582669
18.582669
18.582669
18.582669
18.582669
18.582669
0.000000
0.000000
18.669799
18.669799
18.669799
18.669799
18.669799
18.669799
18.669799
18.669799
18.669799
0.000000
0.000000
18.756836
18.756836
18.756836
18.756836
18.756836
18.756836
18.756836
18.756836
18.756836
0.000000
0.000000
18.843780
18.843780
18.843780
18.843780
18.843780
18.843780
18.843780
18.843780
18.843780
0.000000
0.000000
18.930631
18.930631
18.930631
18.930631
18.930631
18.930631
18.930631
18.930631
18.930631
0.000000
0.000000
19.017388
19.017388
19.017388
19.017388
19.017388
19.017388
19.017388
19.017388
19.017388
0.000000
0.000000
19.104053
19.104053
19.104053
19.104053
19.104053
19.104053
19.104053
19.104053
19.104053
0.000000
0.000000
19.190625
19.190625
19.190625
19.190625
19.190625
19.190625
19.190625
19.190625
19.190625
0.000000
0.000000
19.277105
19.277105
19.277105
19.277105
19.277105
19.277105
19.277105
19.277105
19.277105
0.000000
0.000000
19.363492
19.363492
19.363492
19.363492
19.363492
19.363492
19.363492
19.363492
19.363492
0.000000
0.000000
19.449786
19.449786
19.449786
19.449786
19.449786
19.449786
19.449786
19.449786
19.449786
0.000000
0.000000
19.535988
19.535988
19.535988
19.535988
19.535988
19.535988
19.535988
19.535988
19.535988
0.000000
0.000000
19.622098
19.622098
19.622098
19.622098
19.622098
19.622098
19.622098
19.622098
19.622098
0.000000
0.000000
19.708116
19.708116
19.708116
19.708116
19.708116
19.708116
19.708116
19.708116
19.708116
0.000000
0.000000
19.794042
19.794042
19.794042
19.794042
19.794042
19.794042
19.794042
19.794042
19.794042
0.000000
0.000000
19.879876
19.879876
19.879876
19.879876
19.879876
19.879876
19.879876
19.879876
19.879876
0.000000
0.000000
19.965617
19.965617
19.965617
19.965617
19.965617
19.965617
19.965617
19.965617
19.965617
0.000000
0.000000
20.051268
20.051268
20.051268
20.051268
20.051268
20.051268
20.051268
20.051268
20.051268
0.000000
0.000000
20.136826
20.136826
20.136826
20.136826
20.136826
20.136826
20.136826
20.136826
20.136826
0.000000
0.000000
20.222293
20.222293
20.222293
20.222293
20.222293
20.222293
20.222293
20.222293
20.222293
0.000000
0.000000
20.307668
20.307668
20.307668
20.307668
20.307668
20.307668
20.307668
20.307668
20.307668
0.000000
0.000000
20.392952
20.392952
20.392952
20.392952
20.392952
20.392952
20.392952
20.392952
20.392952
0.000000
0.000000
20.478145
20.478145
20.478145
20.478145
20.478145
20.478145
20.478145
20.478145
20.478145
0.000000
0.000000
20.563247
20.563247
20.563247
20.563247
20.563247
20.563247
20.563247
20.563247
20.563247
0.000000
0.000000
20.648257
20.648257
20.648257
20.648257
20.648257
20.648257
20.648257
20.648257
20.648257
0.000000
0.000000
20.733177
20.733177
20.733177
20.733177
20.733177
20.733177
20.733177
20.733177
20.733177
0.000000
0.000000
20.818006
20.818006
20.818006
20.818006
20.818006
20.818006
20.818006
20.818006
20.818006
0.000000
0.000000
20.902744
20.902744
20.902744
20.902744
20.902744
20.902744
20.902744
20.902744
20.902744
0.000000
0.000000
20.987391
20.987391
20.987391
20.987391
20.987391
20.987391
20.987391
20.987391
20.987391
0.000000
0.000000
21.071948
21.071948
21.071948
21.071948
21.071948
21.071948
21.071948
21.071948
21.071948
0.000000
0.000000
21.156414
21.156414
21.156414
21.156414
21.156414
21.156414
21.156414
21.156414
21.156414
0.000000
0.000000
21.240790
21.240790
21.240790
21.240790
21.240790
21.240790
21.240790
21.240790
21.240790
0.000000
0.000000
21.325075
21.325075
21.325075
21.325075
21.325075
21.325075
21.325075
21.325075
21.325075
0.000000
0.000000
21.409270
21.409270
21.409270
21.409270
21.409270
21.409270
21.409270
21.409270
21.409270
0.000000
0.000000
21.493375
21.493375
21.493375
21.493375
21.493375
21.493375
21.493375
21.493375
21.493375
0.000000
0.000000
21.577391
21.577391
21.577391
21.577391
21.577391
21.577391
21.577391
21.577391
21.577391
0.000000
0.000000
21.661316
21.661316
21.661316
21.661316
21.661316
21.661316
21.661316
21.661316
21.661316
0.000000
0.000000
21.745151
21.745151
21.745151
21.745151
21.745151
21.745151
21.745151
21.745151
21.745151
0.000000
0.000000
21.828897
21.828897
21.828897
21.828897
21.828897
21.828897
21.828897
21.828897
21.828897
0.000000
0.000000
21.912553
21.912553
21.912553
21.912553
21.912553
21.912553
21.912553
21.912553
21.912553
0.000000
0.000000
21.996120
21.996120
21.996120
21.996120
21.996120
21.996120
21.996120
21.996120
21.996120
0.000000
0.000000
22.079597
22.079597
22.079597
22.079597
22.079597
22.079597
22.079597
22.079597
22.079597
0.000000
0.000000
22.162985
22.162985
22.162985
22.162985
22.162985
22.162985
22.162985
22.162985
22.162985
0.000000
0.000000
22.246283
22.246283
22.246283
22.246283
22.246283
22.246283
22.246283
22.246283
22.246283
0.000000
0.000000
22.329493
22.329493
22.329493
22.329493
22.329493
22.329493
22.329493
22.329493
22.329493
0.000000
0.000000
22.412613
22.412613
22.412613
22.412613
22.412613
22.412613
22.412613
22.412613
22.412613
0.000000
0.000000
22.495645
22.495645
22.495645
22.495645
22.495645
22.495645
22.495645
22.495645
22.495645
0.000000
0.000000
22.578587
22.578587
22.578587
22.578587
22.578587
22.578587
22.578587
22.578587
22.578587
0.000000
0.000000
22.661441
22.661441
22.661441
22.661441
22.661441
22.661441
22.661441
22.661441
22.661441
0.000000
0.000000
22.744206
22.744206
22.744206
22.744206
22.744206
22.744206
22.744206
22.744206
22.744206
0.000000
0.000000
22.826883
22.826883
22.826883
22.826883
22.826883
22.826883
22.826883
22.826883
22.826883
0.000000
0.000000
22.909471
22.909471
22.909471
22.909471
22.909471
22.909471
22.909471
22.909471
22.909471
0.000000
0.000000
22.991971
22.991971
22.991971
22.991971
22.991971
22.991971
22.991971
22.991971
22.991971
0.000000
0.000000
23.074382
23.074382
23.074382
23.074382
23.074382
23.074382
23.074382
23.074382
23.074382
0.000000
0.000000
23.156705
23.156705
23.156705
23.156705
23.156705
23.156705
23.156705
23.156705
23.156705
0.000000
0.000000
23.238940
23.238940
23.238940
23.238940
23.238940
23.238940
23.238940
23.238940
23.238940
0.000000
0.000000
23.321087
23.321087
23.321087
23.321087
23.321087
23.321087
23.321087
23.321087
23.321087
0.000000
0.000000
23.403147
23.403147
23.403147
23.403147
23.403147
23.403147
23.403147
23.403147
23.403147
0.000000
0.000000
23.485118
23.485118
23.485118
23.485118
23.485118
23.485118
23.485118
23.485118
23.485118
0.000000
0.000000
23.567002
23.567002
23.567002
23.567002
23.567002
23.567002
23.567002
23.567002
23.567002
0.000000
0.000000
23.648798
23.648798
23.648798
23.648798
23.648798
23.648798
23.648798
23.648798
23.648798
0.000000
0.000000
23.730506
23.730506
23.730506
23.730506
23.730506
23.730506
23.730506
23.730506
23.730506
0.000000
0.000000
23.812127
23.812127
23.812127
23.812127
23.812127
23.812127
23.812127
23.812127
23.812127
0.000000
