0.000000
0.000000
0.000000
0.000000
0.000000
0.000000
0.000000
0.000000
0.000000
0.000000
0.000000
0.046364
0.046364
0.046364
0.046364
0.046364
0.046364
0.046364
0.046364
0.046364
0.000000
0.092750
0.092750
0.092750
0.092750
0.092750
0.092750
0.092750
0.092750
0.092750
0.000000
0.139157
0.139157
0.139157
0.139157
0.139157
0.139157
0.139157
0.139157
0.139157
0.000000
0.185586
0.185586
0.185586
0.185586
0.185586
0.185586
0.185586
0.185586
0.185586
0.000000
0.232036
0.232036
0.232036
0.232036
0.232036
0.232036
0.232036
0.232036
0.232036
0.000000
0.278508
0.278508
0.278508
0.278508
0.278508
0.278508
0.278508
0.278508
0.278508
0.000000
0.325001
0.325001
0.325001
0.325001
0.325001
0.325001
0.325001
0.325001
0.325001
0.000000
0.371516
0.371516
0.371516
0.371516
0.371516
0.371516
0.371516
0.371516
0.371516
0.000000
0.418052
0.418052
0.418052
0.418052
0.418052
0.418052
0.418052
0.418052
0.418052
0.000000
0.464610
0.464610
0.464610
0.464610
0.464610
0.464610
0.464610
0.464610
0.464610
0.000000
0.511190
0.511190
0.511190
0.511190
0.511190
0.511190
0.511190
0.511190
0.511190
0.000000
0.557791
0.557791
0.557791
0.557791
0.557791
0.557791
0.557791
0.557791
0.557791
0.000000
0.604413
0.604413
0.604413
0.604413
0.604413
0.604413
0.604413
0.604413
0.604413
0.000000
0.651058
0.651058
0.651058
0.651058
0.651058
0.651058
0.651058
0.651058
0.651058
0.000000
0.697724
0.697724
0.697724
0.697724
0.697724
0.697724
0.697724
0.697724
0.697724
0.000000
0.744412
0.744412
0.744412
0.744412
0.744412
0.744412
0.744412
0.744412
0.744412
0.000000
0.791121
0.791121
0.791121
0.791121
0.791121
0.791121
0.791121
0.791121
0.791121
0.000000
0.837852
0.837852
0.837852
0.837852
0.837852
0.837852
0.837852
0.837852
0.837852
0.000000
0.884604
0.884604
0.884604
0.884604
0.884604
0.884604
0.884604
0.884604
0.884604
0.000000
0.931379
0.931379
0.931379
0.931379
0.931379
0.931379
0.931379
0.931379
0.931379
0.000000
0.978175
0.978175
0.978175
0.978175
0.978175
0.978175
0.978175
0.978175
0.978175
0.000000
1.024992
1.024992
1.024992
1.024992
1.024992
1.024992
1.024992
1.024992
1.024992
0.000000
1.071832
1.071832
1.071832
1.071832
1.071832
1.071832
1.071832
1.071832
1.071832
0.000000
1.118693
1.118693
1.118693
1.118693
1.118693
1.118693
1.118693
1.118693
1.118693
0.000000
1.165576
1.165576
1.165576
1.165576
1.165576
1.165576
1.165576
1.165576
1.165576
0.000000
1.212480
1.212480
1.212480
1.212480
1.212480
1.212480
1.212480
1.212480
1.212480
0.000000
1.259406
1.259406
1.259406
1.259406
1.259406
1.259406
1.259406
1.259406
1.259406
0.000000
1.306354
1.306354
1.306354
1.306354
1.306354
1.306354
1.306354
1.306354
1.306354
0.000000
1.353324
1.353324
1.353324
1.353324
1.353324
1.353324
1.353324
1.353324
1.353324
0.000000
1.400316
1.400316
1.400316
1.400316
1.400316
1.400316
1.400316
1.400316
1.400316
0.000000
1.447329
1.447329
1.447329
1.447329
1.447329
1.447329
1.447329
1.447329
1.447329
0.000000
1.494364
1.494364
1.494364
1.494364
1.494364
1.494364
1.494364
1.494364
1.494364
0.000000
1.541421
1.541421
1.541421
1.541421
1.541421
1.541421
1.541421
1.541421
1.541421
0.000000
1.588500
1.588500
1.588500
1.588500
1.588500
1.588500
1.588500
1.588500
1.588500
0.000000
1.635601
1.635601
1.635601
1.635601
1.635601
1.635601
1.635601
1.635601
1.635601
0.000000
1.682723
1.682723
1.682723
1.682723
1.682723
1.682723
1.682723
1.682723
1.682723
0.000000
1.729868
1.729868
1.729868
1.729868
1.729868
1.729868
1.729868
1.729868
1.729868
0.000000
1.777034
1.777034
1.777034
1.777034
1.777034
1.777034
1.777034
1.777034
1.777034
0.000000
1.824222
1.824222
1.824222
1.824222
1.824222
1.824222
1.824222
1.824222
1.824222
0.000000
1.871432
1.871432
1.871432
1.871432
1.871432
1.871432
1.871432
1.871432
1.871432
0.000000
1.918664
1.918664
1.918664
1.918664
1.918664
1.918664
1.918664
1.918664
1.918664
0.000000
1.965917
1.965917
1.965917
1.965917
1.965917
1.965917
1.965917
1.965917
1.965917
0.000000
2.013193
2.013193
2.013193
2.013193
2.013193
2.013193
2.013193
2.013193
2.013193
0.000000
2.060491
2.060491
2.060491
2.060491
2.060491
2.060491
2.060491
2.060491
2.060491
0.000000
2.107810
2.107810
2.107810
2.107810
2.107810
2.107810
2.107810
2.107810
2.107810
0.000000
2.155152
2.155152
2.155152
2.155152
2.155152
2.155152
2.155152
2.155152
2.155152
0.000000
2.202515
2.202515
2.202515
2.202515
2.202515
2.202515
2.202515
2.202515
2.202515
0.000000
2.249900
2.249900
2.249900
2.249900
2.249900
2.249900
2.249900
2.249900
2.249900
0.000000
2.297308
2.297308
2.297308
2.297308
2.297308
2.297308
2.297308
2.297308
2.297308
0.000000
2.344737
2.344737
2.344737
2.344737
2.344737
2.344737
2.344737
2.344737
2.344737
0.000000
2.392188
2.392188
2.392188
2.392188
2.392188
2.392188
2.392188
2.392188
2.392188
0.000000
2.439661
2.439661
2.439661
2.439661
2.439661
2.439661
2.439661
2.439661
2.439661
0.000000
2.487157
2.487157
2.487157
2.487157
2.487157
2.487157
2.487157
2.487157
2.487157
0.000000
2.534674
2.534674
2.534674
2.534674
2.534674
2.534674
2.534674
2.534674
2.534674
0.000000
2.582213
2.582213
2.582213
2.582213
2.582213
2.582213
2.582213
2.582213
2.582213
0.000000
2.629775
2.629775
2.629775
2.629775
2.629775
2.629775
2.629775
2.629775
2.629775
0.000000
2.677358
2.677358
2.677358
2.677358
2.677358
2.677358
2.677358
2.677358
2.677358
0.000000
2.724963
2.724963
2.724963
2.724963
2.724963
2.724963
2.724963
2.724963
2.724963
0.000000
2.772591
2.772591
2.772591
2.772591
2.772591
2.772591
2.772591
2.772591
2.772591
0.000000
2.820241
2.820241
2.820241
2.820241
2.820241
2.820241
2.820241
2.820241
2.820241
0.000000
2.867912
2.867912
2.867912
2.867912
2.867912
2.867912
2.867912
2.867912
2.867912
0.000000
2.915606
2.915606
2.915606
2.915606
2.915606
2.915606
2.915606
2.915606
2.915606
0.000000
2.963322
2.963322
2.963322
2.963322
2.963322
2.963322
2.963322
2.963322
2.963322
0.000000
3.011060
3.011060
3.011060
3.011060
3.011060
3.011060
3.011060
3.011060
3.011060
0.000000
3.058820
3.058820
3.058820
3.058820
3.058820
3.058820
3.058820
3.058820
3.058820
0.000000
3.106603
3.106603
3.106603
3.106603
3.106603
3.106603
3.106603
3.106603
3.106603
0.000000
3.154407
3.154407
3.154407
3.154407
3.154407
3.154407
3.154407
3.154407
3.154407
0.000000
3.202234
3.202234
3.202234
3.202234
3.202234
3.202234
3.202234
3.202234
3.202234
0.000000
3.250083
3.250083
3.250083
3.250083
3.250083
3.250083
3.250083
3.250083
3.250083
0.000000
3.297954
3.297954
3.297954
3.297954
3.297954
3.297954
3.297954
3.297954
3.297954
0.000000
3.345847
3.345847
3.345847
3.345847
3.345847
3.345847
3.345847
3.345847
3.345847
0.000000
3.393762
3.393762
3.393762
3.393762
3.393762
3.393762
3.393762
3.393762
3.393762
0.000000
3.441700
3.441700
3.441700
3.441700
3.441700
3.441700
3.441700
3.441700
3.441700
0.000000
3.489660
3.489660
3.489660
3.489660
3.489660
3.489660
3.489660
3.489660
3.489660
0.000000
3.537642
3.537642
3.537642
3.537642
3.537642
3.537642
3.537642
3.537642
3.537642
0.000000
3.585646
3.585646
3.585646
3.585646
3.585646
3.585646
3.585646
3.585646
3.585646
0.000000
3.633673
3.633673
3.633673
3.633673
3.633673
3.633673
3.633673
3.633673
3.633673
0.000000
3.681722
3.681722
3.681722
3.681722
3.681722
3.681722
3.681722
3.681722
3.681722
0.000000
3.729793
3.729793
3.729793
3.729793
3.729793
3.729793
3.729793
3.729793
3.729793
0.000000
3.777886
3.777886
3.777886
3.777886
3.777886
3.777886
3.777886
3.777886
3.777886
0.000000
3.826002
3.826002
3.826002
3.826002
3.826002
3.826002
3.826002
3.826002
3.826002
0.000000
3.874140
3.874140
3.874140
3.874140
3.874140
3.874140
3.874140
3.874140
3.874140
0.000000
3.922301
3.922301
3.922301
3.922301
3.922301
3.922301
3.922301
3.922301
3.922301
0.000000
3.970483
3.970483
3.970483
3.970483
3.970483
3.970483
3.970483
3.970483
3.970483
0.000000
4.018688
4.018688
4.018688
4.018688
4.018688
4.018688
4.018688
4.018688
4.018688
0.000000
4.066916
4.066916
4.066916
4.066916
4.066916
4.066916
4.066916
4.066916
4.066916
0.000000
4.115165
4.115165
4.115165
4.115165
4.115165
4.115165
4.115165
4.115165
4.115165
0.000000
4.163437
4.163437
4.163437
4.163437
4.163437
4.163437
4.163437
4.163437
4.163437
0.000000
4.211732
4.211732
4.211732
4.211732
4.211732
4.211732
4.211732
4.211732
4.211732
0.000000
4.260049
4.260049
4.260049
4.260049
4.260049
4.260049
4.260049
4.260049
4.260049
0.000000
4.308388
4.308388
4.308388
4.308388
4.308388
4.308388
4.308388
4.308388
4.308388
0.000000
4.356750
4.356750
4.356750
4.356750
4.356750
4.356750
4.356750
4.356750
4.356750
0.000000
4.405134
4.405134
4.405134
4.405134
4.405134
4.405134
4.405134
4.405134
4.405134
0.000000
4.453540
4.453540
4.453540
4.453540
4.453540
4.453540
4.453540
4.453540
4.453540
0.000000
4.501969
4.501969
4.501969
4.501969
4.501969
4.501969
4.501969
4.501969
4.501969
0.000000
4.550421
4.550421
4.550421
4.550421
4.550421
4.550421
4.550421
4.550421
4.550421
0.000000
4.598895
4.598895
4.598895
4.598895
4.598895
4.598895
4.598895
4.598895
4.598895
0.000000
4.647391
4.647391
4.647391
4.647391
4.647391
4.647391
4.647391
4.647391
4.647391
0.000000
4.695910
4.695910
4.695910
4.695910
4.695910
4.695910
4.695910
4.695910
4.695910
0.000000
4.744451
4.744451
4.744451
4.744451
4.744451
4.744451
4.744451
4.744451
4.744451
0.000000
4.793015
4.793015
4.793015
4.793015
4.793015
4.793015
4.793015
4.793015
4.793015
0.000000
4.841602
4.841602
4.841602
4.841602
4.841602
4.841602
4.841602
4.841602
4.841602
0.000000
4.890211
4.890211
4.890211
4.890211
4.890211
4.890211
4.890211
4.890211
4.890211
0.000000
4.938842
4.938842
4.938842
4.938842
4.938842
4.938842
4.938842
4.938842
4.938842
0.000000
4.987496
4.987496
4.987496
4.987496
4.987496
4.987496
4.987496
4.987496
4.987496
0.000000
5.036173
5.036173
5.036173
5.036173
5.036173
5.036173
5.036173
5.036173
5.036173
0.000000
5.084872
5.084872
5.084872
5.084872
5.084872
5.084872
5.084872
5.084872
5.084872
0.000000
5.133593
5.133593
5.133593
5.133593
5.133593
5.133593
5.133593
5.133593
5.133593
0.000000
5.182338
5.182338
5.182338
5.182338
5.182338
5.182338
5.182338
5.182338
5.182338
0.000000
5.231105
5.231105
5.231105
5.231105
5.231105
5.231105
5.231105
5.231105
5.231105
0.000000
5.279894
5.279894
5.279894
5.279894
5.279894
5.279894
5.279894
5.279894
5.279894
0.000000
5.328706
5.328706
5.328706
5.328706
5.328706
5.328706
5.328706
5.328706
5.328706
0.000000
5.377541
5.377541
5.377541
5.377541
5.377541
5.377541
5.377541
5.377541
5.377541
0.000000
5.426398
5.426398
5.426398
5.426398
5.426398
5.426398
5.426398
5.426398
5.426398
0.000000
5.475278
5.475278
5.475278
5.475278
5.475278
5.475278
5.475278
5.475278
5.475278
0.000000
5.524181
5.524181
5.524181
5.524181
5.524181
5.524181
5.524181
5.524181
5.524181
0.000000
5.573107
5.573107
5.573107
5.573107
5.573107
5.573107
5.573107
5.573107
5.573107
0.000000
5.622055
5.622055
5.622055
5.622055
5.622055
5.622055
5.622055
5.622055
5.622055
0.000000
5.671025
5.671025
5.671025
5.671025
5.671025
5.671025
5.671025
5.671025
5.671025
0.000000
5.720019
5.720019
5.720019
5.720019
5.720019
5.720019
5.720019
5.720019
5.720019
0.000000
5.769035
5.769035
5.769035
5.769035
5.769035
5.769035
5.769035
5.769035
5.769035
0.000000
5.818074
5.818074
5.818074
5.818074
5.818074
5.818074
5.818074
5.818074
5.818074
0.000000
5.867136
5.867136
5.867136
5.867136
5.867136
5.867136
5.867136
5.867136
5.867136
0.000000
5.916220
5.916220
5.916220
5.916220
5.916220
5.916220
5.916220
5.916220
5.916220
0.000000
5.965327
5.965327
5.965327
5.965327
5.965327
5.965327
5.965327
5.965327
5.965327
0.000000
6.014457
6.014457
6.014457
6.014457
6.014457
6.014457
6.014457
6.014457
6.014457
0.000000
6.063610
6.063610
6.063610
6.063610
6.063610
6.063610
6.063610
6.063610
6.063610
0.000000
6.112785
6.112785
6.112785
6.112785
6.112785
6.112785
6.112785
6.112785
6.112785
0.000000
6.161984
6.161984
6.161984
6.161984
6.161984
6.161984
6.161984
6.161984
6.161984
0.000000
6.211205
6.211205
6.211205
6.211205
6.211205
6.211205
6.211205
6.211205
6.211205
0.000000
6.260449
6.260449
6.260449
6.260449
6.260449
6.260449
6.260449
6.260449
6.260449
0.000000
6.309715
6.309715
6.309715
6.309715
6.309715
6.309715
6.309715
6.309715
6.309715
0.000000
6.359005
6.359005
6.359005
6.359005
6.359005
6.359005
6.359005
6.359005
6.359005
0.000000
6.408317
6.408317
6.408317
6.408317
6.408317
6.408317
6.408317
6.408317
6.408317
0.000000
6.457653
6.457653
6.457653
6.457653
6.457653
6.457653
6.457653
6.457653
6.457653
0.000000
6.507011
6.507011
6.507011
6.507011
6.5