-1.#IND00
0.000000
0.000000
0.000000
0.000000
0.000000
0.000000
0.000000
0.000000
0.000000
1.#INF00
-1.#IND00
0.107017
0.107017
0.107017
0.107017
0.107017
0.107017
0.107017
0.107017
0.107017
1.#INF00
-1.#IND00
0.213919
0.213919
0.213919
0.213919
0.213919
0.213919
0.213919
0.213919
0.213919
1.#INF00
-1.#IND00
0.320707
0.320707
0.320707
0.320707
0.320707
0.320707
0.320707
0.320707
0.320707
1.#INF00
-1.#IND00
0.427380
0.427380
0.427380
0.427380
0.427380
0.427380
0.427380
0.427380
0.427380
1.#INF00
-1.#IND00
0.533939
0.533939
0.533939
0.533939
0.533939
0.533939
0.533939
0.533939
0.533939
1.#INF00
-1.#IND00
0.640385
0.640385
0.640385
0.640385
0.640385
0.640385
0.640385
0.640385
0.640385
1.#INF00
-1.#IND00
0.746716
0.746716
0.746716
0.746716
0.746716
0.746716
0.746716
0.746716
0.746716
1.#INF00
-1.#IND00
0.852933
0.852933
0.852933
0.852933
0.852933
0.852933
0.852933
0.852933
0.852933
1.#INF00
-1.#IND00
0.959037
0.959037
0.959037
0.959037
0.959037
0.959037
0.959037
0.959037
0.959037
1.#INF00
-1.#IND00
1.065028
1.065028
1.065028
1.065028
1.065028
1.065028
1.065028
1.065028
1.065028
1.#INF00
-1.#IND00
1.170905
1.170905
1.170905
1.170905
1.170905
1.170905
1.170905
1.170905
1.170905
1.#INF00
-1.#IND00
1.276668
1.276668
1.276668
1.276668
1.276668
1.276668
1.276668
1.276668
1.276668
1.#INF00
-1.#IND00
1.382319
1.382319
1.382319
1.382319
1.382319
1.382319
1.382319
1.382319
1.382319
1.#INF00
-1.#IND00
1.487856
1.487856
1.487856
1.487856
1.487856
1.487856
1.487856
1.487856
1.487856
1.#INF00
-1.#IND00
1.593280
1.593280
1.593280
1.593280
1.593280
1.593280
1.593280
1.593280
1.593280
1.#INF00
-1.#IND00
1.698592
1.698592
1.698592
1.698592
1.698592
1.698592
1.698592
1.698592
1.698592
1.#INF00
-1.#IND00
1.803791
1.803791
1.803791
1.803791
1.803791
1.803791
1.803791
1.803791
1.803791
1.#INF00
-1.#IND00
1.908877
1.908877
1.908877
1.908877
1.908877
1.908877
1.908877
1.908877
1.908877
1.#INF00
-1.#IND00
2.013851
2.013851
2.013851
2.013851
2.013851
2.013851
2.013851
2.013851
2.013851
1.#INF00
-1.#IND00
2.118713
2.118713
2.118713
2.118713
2.118713
2.118713
2.118713
2.118713
2.118713
1.#INF00
-1.#IND00
2.223462
2.223462
2.223462
2.223462
2.223462
2.223462
2.223462
2.223462
2.223462
1.#INF00
-1.#IND00
2.328099
2.328099
2.328099
2.328099
2.328099
2.328099
2.328099
2.328099
2.328099
1.#INF00
-1.#IND00
2.432624
2.432624
2.432624
2.432624
2.432624
2.432624
2.432624
2.432624
2.432624
1.#INF00
-1.#IND00
2.537038
2.537038
2.537038
2.537038
2.537038
2.537038
2.537038
2.537038
2.537038
1.#INF00
-1.#IND00
2.641339
2.641339
2.641339
2.641339
2.641339
2.641339
2.641339
2.641339
2.641339
1.#INF00
-1.#IND00
2.745529
2.745529
2.745529
2.745529
2.745529
2.745529
2.745529
2.745529
2.745529
1.#INF00
-1.#IND00
2.849608
2.849608
2.849608
2.849608
2.849608
2.849608
2.849608
2.849608
2.849608
1.#INF00
-1.#IND00
2.953575
2.953575
2.953575
2.953575
2.953575
2.953575
2.953575
2.953575
2.953575
1.#INF00
-1.#IND00
3.057431
3.057431
3.057431
3.057431
3.057431
3.057431
3.057431
3.057431
3.057431
1.#INF00
-1.#IND00
3.161175
3.161175
3.161175
3.161175
3.161175
3.161175
3.161175
3.161175
3.161175
1.#INF00
-1.#IND00
3.264809
3.264809
3.264809
3.264809
3.264809
3.264809
3.264809
3.264809
3.264809
1.#INF00
-1.#IND00
3.368332
3.368332
3.368332
3.368332
3.368332
3.368332
3.368332
3.368332
3.368332
1.#INF00
-1.#IND00
3.471744
3.471744
3.471744
3.471744
3.471744
3.471744
3.471744
3.471744
3.471744
1.#INF00
-1.#IND00
3.575045
3.575045
3.575045
3.575045
3.575045
3.575045
3.575045
3.575045
3.575045
1.#INF00
-1.#IND00
3.678236
3.678236
3.678236
3.678236
3.678236
3.678236
3.678236
3.678236
3.678236
1.#INF00
-1.#IND00
3.781316
3.781316
3.781316
3.781316
3.781316
3.781316
3.781316
3.781316
3.781316
1.#INF00
-1.#IND00
3.884286
3.884286
3.884286
3.884286
3.884286
3.884286
3.884286
3.884286
3.884286
1.#INF00
-1.#IND00
3.987146
3.987146
3.987146
3.987146
3.987146
3.987146
3.987146
3.987146
3.987146
1.#INF00
-1.#IND00
4.089896
4.089896
4.089896
4.089896
4.089896
4.089896
4.089896
4.089896
4.089896
1.#INF00
-1.#IND00
4.192536
4.192536
4.192536
4.192536
4.192536
4.192536
4.192536
4.192536
4.192536
1.#INF00
-1.#IND00
4.295066
4.295066
4.295066
4.295066
4.295066
4.295066
4.295066
4.295066
4.295066
1.#INF00
-1.#IND00
4.397486
4.397486
4.397486
4.397486
4.397486
4.397486
4.397486
4.397486
4.397486
1.#INF00
-1.#IND00
4.499797
4.499797
4.499797
4.499797
4.499797
4.499797
4.499797
4.499797
4.499797
1.#INF00
-1.#IND00
4.601998
4.601998
4.601998
4.601998
4.601998
4.601998
4.601998
4.601998
4.601998
1.#INF00
-1.#IND00
4.704089
4.704089
4.704089
4.704089
4.704089
4.704089
4.704089
4.704089
4.704089
1.#INF00
-1.#IND00
4.806072
4.806072
4.806072
4.806072
4.806072
4.806072
4.806072
4.806072
4.806072
1.#INF00
-1.#IND00
4.907945
4.907945
4.907945
4.907945
4.907945
4.907945
4.907945
4.907945
4.907945
1.#INF00
-1.#IND00
5.009710
5.009710
5.009710
5.009710
5.009710
5.009710
5.009710
5.009710
5.009710
1.#INF00
-1.#IND00
5.111365
5.111365
5.111365
5.111365
5.111365
5.111365
5.111365
5.111365
5.111365
1.#INF00
-1.#IND00
5.212912
5.212912
5.212912
5.212912
5.212912
5.212912
5.212912
5.212912
5.212912
1.#INF00
-1.#IND00
5.314350
5.314350
5.314350
5.314350
5.314350
5.314350
5.314350
5.314350
5.314350
1.#INF00
-1.#IND00
5.415679
5.415679
5.415679
5.415679
5.415679
5.415679
5.415679
5.415679
5.415679
1.#INF00
-1.#IND00
5.516900
5.516900
5.516900
5.516900
5.516900
5.516900
5.516900
5.516900
5.516900
1.#INF00
-1.#IND00
5.618013
5.618013
5.618013
5.618013
5.618013
5.618013
5.618013
5.618013
5.618013
1.#INF00
-1.#IND00
5.719017
5.719017
5.719017
5.719017
5.719017
5.719017
5.719017
5.719017
5.719017
1.#INF00
-1.#IND00
5.819914
5.819914
5.819914
5.819914
5.819914
5.819914
5.819914
5.819914
5.819914
1.#INF00
-1.#IND00
5.920702
5.920702
5.920702
5.920702
5.920702
5.920702
5.920702
5.920702
5.920702
1.#INF00
-1.#IND00
6.021383
6.021383
6.021383
6.021383
6.021383
6.021383
6.021383
6.021383
6.021383
1.#INF00
-1.#IND00
6.121955
6.121955
6.121955
6.121955
6.121955
6.121955
6.121955
6.121955
6.121955
1.#INF00
-1.#IND00
6.222420
6.222420
6.222420
6.222420
6.222420
6.222420
6.222420
6.222420
6.222420
1.#INF00
-1.#IND00
6.322778
6.322778
6.322778
6.322778
6.322778
6.322778
6.322778
6.322778
6.322778
1.#INF00
-1.#IND00
6.423028
6.423028
6.423028
6.423028
6.423028
6.423028
6.423028
6.423028
6.423028
1.#INF00
-1.#IND00
6.523171
6.523171
6.523171
6.523171
6.523171
6.523171
6.523171
6.523171
6.523171
1.#INF00
-1.#IND00
6.623207
6.623207
6.623207
6.623207
6.623207
6.623207
6.623207
6.623207
6.623207
1.#INF00
-1.#IND00
6.723136
6.723136
6.723136
6.723136
6.723136
6.723136
6.723136
6.723136
6.723136
1.#INF00
-1.#IND00
6.822958
6.822958
6.822958
6.822958
6.822958
6.822958
6.822958
6.822958
6.822958
1.#INF00
-1.#IND00
6.922673
6.922673
6.922673
6.922673
6.922673
6.922673
6.922673
6.922673
6.922673
1.#INF00
-1.#IND00
7.022281
7.022281
7.022281
7.022281
7.022281
7.022281
7.022281
7.022281
7.022281
1.#INF00
-1.#IND00
7.121783
7.121783
7.121783
7.121783
7.121783
7.121783
7.121783
7.121783
7.121783
1.#INF00
-1.#IND00
7.221178
7.221178
7.221178
7.221178
7.221178
7.221178
7.221178
7.221178
7.221178
1.#INF00
-1.#IND00
7.320467
7.320467
7.320467
7.320467
7.320467
7.320467
7.320467
7.320467
7.320467
1.#INF00
-1.#IND00
7.419649
7.419649
7.419649
7.419649
7.419649
7.419649
7.419649
7.419649
7.419649
1.#INF00
-1.#IND00
7.518725
7.518725
7.518725
7.518725
7.518725
7.518725
7.518725
7.518725
7.518725
1.#INF00
-1.#IND00
7.617696
7.617696
7.617696
7.617696
7.617696
7.617696
7.617696
7.617696
7.617696
1.#INF00
-1.#IND00
7.716560
7.716560
7.716560
7.716560
7.716560
7.716560
7.716560
7.716560
7.716560
1.#INF00
-1.#IND00
7.815319
7.815319
7.815319
7.815319
7.815319
7.815319
7.815319
7.815319
7.815319
1.#INF00
-1.#IND00
7.913972
7.913972
7.913972
7.913972
7.913972
7.913972
7.913972
7.913972
7.913972
1.#INF00
-1.#IND00
8.012519
8.012519
8.012519
8.012519
8.012519
8.012519
8.012519
8.012519
8.012519
1.#INF00
-1.#IND00
8.110961
8.110961
8.110961
8.110961
8.110961
8.110961
8.110961
8.110961
8.110961
1.#INF00
-1.#IND00
8.209298
8.209298
8.209298
8.209298
8.209298
8.209298
8.209298
8.209298
8.209298
1.#INF00
-1.#IND00
8.307529
8.307529
8.307529
8.307529
8.307529
8.307529
8.307529
8.307529
8.307529
1.#INF00
-1.#IND00
8.405655
8.405655
8.405655
8.405655
8.405655
8.405655
8.405655
8.405655
8.405655
1.#INF00
-1.#IND00
8.503677
8.503677
8.503677
8.503677
8.503677
8.503677
8.503677
8.503677
8.503677
1.#INF00
-1.#IND00
8.601593
8.601593
8.601593
8.601593
8.601593
8.601593
8.601593
8.601593
8.601593
1.#INF00
-1.#IND00
8.699405
8.699405
8.699405
8.699405
8.699405
8.699405
8.699405
8.699405
8.699405
1.#INF00
-1.#IND00
8.797111
8.797111
8.797111
8.797111
8.797111
8.797111
8.797111
8.797111
8.797111
1.#INF00
-1.#IND00
8.894714
8.894714
8.894714
8.894714
8.894714
8.894714
8.894714
8.894714
8.894714
1.#INF00
-1.#IND00
8.992211
8.992211
8.992211
8.992211
8.992211
8.992211
8.992211
8.992211
8.992211
1.#INF00
-1.#IND00
9.089605
9.089605
9.089605
9.089605
9.089605
9.089605
9.089605
9.089605
9.089605
1.#INF00
-1.#IND00
9.186894
9.186894
9.186894
9.186894
9.186894
9.186894
9.186894
9.186894
9.186894
1.#INF00
-1.#IND00
9.284079
9.284079
9.284079
9.284079
9.284079
9.284079
9.284079
9.284079
9.284079
1.#INF00
-1.#IND00
9.381161
9.381161
9.381161
9.381161
9.381161
9.381161
9.381161
9.381161
9.381161
1.#INF00
-1.#IND00
9.478138
9.478138
9.478138
9.478138
9.478138
9.478138
9.478138
9.478138
9.478138
1.#INF00
-1.#IND00
9.575011
9.575011
9.575011
9.575011
9.575011
9.575011
9.575011
9.575011
9.575011
1.#INF00
-1.#IND00
9.671781
9.671781
9.671781
9.671781
9.671781
9.671781
9.671781
9.671781
9.671781
1.#INF00
-1.#IND00
9.768447
9.768447
9.768447
9.768447
9.768447
9.768447
9.768447
9.768447
9.768447
1.#INF00
-1.#IND00
9.865010
9.865010
9.865010
9.865010
9.865010
9.865010
9.865010
9.865010
9.865010
1.#INF00
-1.#IND00
9.961470
9.961470
9.961470
9.961470
9.961470
9.961470
9.961470
9.961470
9.961470
1.#INF00
-1.#IND00
10.057826
10.057826
10.057826
10.057826
10.057826
10.057826
10.057826
10.057826
10.057826
1.#INF00
-1.#IND00
10.154079
10.154079
10.154079
10.154079
10.154079
10.154079
10.154079
10.154079
10.154079
1.#INF00
-1.#IND00
10.250229
10.250229
10.250229
10.250229
10.250229
10.250229
10.250229
10.250229
10.250229
1.#INF00
-1.#IND00
10.346276
10.346276
10.346276
10.346276
10.346276
10.346276
10.346276
10.346276
10.346276
1.#INF00
-1.#IND00
10.442221
10.442221
10.442221
10.442221
10.442221
10.442221
10.442221
10.442221
10.442221
1.#INF00
-1.#IND00
10.538063
10.538063
10.538063
10.538063
10.538063
10.538063
10.538063
10.538063
10.538063
1.#INF00
-1.#IND00
10.633802
10.633802
10.633802
10.633802
10.633802
10.633802
10.633802
10.633802
10.633802
1.#INF00
-1.#IND00
10.729438
10.729438
10.729438
10.729438
10.729438
10.729438
10.729438
10.729438
10.729438
1.#INF00
-1.#IND00
10.824973
10.824973
10.824973
10.824973
10.824973
10.824973
10.824973
10.824973
10.824973
1.#INF00
-1.#IND00
10.920405
10.920405
10.920405
10.920405
10.920405
10.920405
10.920405
10.920405
10.920405
1.#INF00
-1.#IND00
11.015735
11.015735
11.015735
11.015735
11.015735
11.015735
11.015735
11.015735
11.015735
1.#INF00
-1.#IND00
11.110963
11.110963
11.110963
11.110963
11.110963
11.110963
11.110963
11.110963
11.110963
1.#INF00
-1.#IND00
11.206089
11.206089
11.206089
11.206089
11.206089
11.206089
11.206089
11.206089
11.206089
1.#INF00
-1.#IND00
11.301113
11.301113
11.301113
11.301113
11.301113
11.301113
11.301113
11.301113
11.301113
1.#INF00
-1.#IND00
11.396036
11.396036
11.396036
11.396036
11.396036
11.396036
11.396036
11.396036
11.396036
1.#INF00
-1.#IND00
11.490857
11.490857
11.490857
11.490857
11.490857
11.490857
11.490857
11.490857
11.490857
1.#INF00
-1.#IND00
11.585576
11.585576
11.585576
11.585576
11.585576
11.585576
11.585576
11.585576
11.585576
1.#INF00
-1.#IND00
11.680195
11.680195
11.680195
11.680195
11.680195
11.680195
11.680195
11.680195
11.680195
1.#INF00
-1.#IND00
11.774712
11.774712
11.774712
11.774712
11.774712
11.774712
11.774712
11.774712
11.774712
1.#INF00
-1.#IND00
11.869127
11.869127
11.869127
11.869127
11.869127
11.869127
11.869127
11.869127
11.869127
1.#INF00
-1.#IND00
11.963442
11.963442
11.963442
11.963442
11.963442
11.963442
11.963442
11.963442
11.963442
1.#INF00
-1.#IND00
12.057656
12.057656
12.057656
12.057656
12.057656
12.057656
12.057656
12.057656
12.057656
1.#INF00
-1.#IND00
12.151769
12.151769
12.151769
12.151769
12.151769
12.151769
12.151769
12.151769
12.151769
1.#INF00
-1.#IND00
12.245781
12.245781
12.245781
12.245781
12.245781
12.245781
12.245781
12.245781
12.245781
1.#INF00
-1.#IND00
12.339693
12.339693
12.339693
12.339693
12.339693
12.339693
12.339693
12.339693
12.339693
1.#INF00
-1.#IND00
12.433504
12.433504
12.433504
12.433504
12.433504
12.433504
12.433504
12.433504
12.433504
1.#INF00
-1.#IND00
12.527215
12.527215
12.527215
12.527215
12.527215
12.527215
12.527215
12.527215
12.527215
1.#INF00
-1.#IND00
12.620825
12.620825
12.620825
12.620825
12.620825
12.620825
12.620825
12.620825
12.620825
1.#INF00
-1.#IND00
12.714335
12.714335
12.714335
12.714335
12.714335
12.714335
12.714335
12.714335
12.714335
1.#INF00
-1.#IND00
12.807746
12.807746
12.807746
12.807746
12.807746
12.807746
12.807746
12.807746
12.807746
1.#INF00
-1.#IND00
12.901056
12.901056
12.901056
12.901056
12.901056
12.901056
12.901056
12.901056
12.901056
1.#INF00
-1.#IND00
12.994266
12.994266
12.994266
12.994266
12.994266
12.994266
12.994266
12.994266
12.994266
1.#INF00
-1.#IND00
13.087377
13.087377
13.087377
13.087377
13.087377
13.087377
13.087377
13.087377
13.087377
1.#INF00
-1.#IND00
13.180388
13.180388
13.180388
13.180388
13.180388
13.180388
13.180388
13.180388
13.180388
1.#INF00
-1.#IND00
13.273299
13.273299
13.273299
13.273299
13.273299
13.273299
13.273299
13.273299
13.273299
1.#INF00
-1.#IND00
13.366111
13.366111
13.366111
13.366111
13.366111
13.366111
13.366111
13.366111
13.366111
1.#INF00
-1.#IND00
13.458824
13.458824
13.458824
13.458824
13.458824
13.458824
13.458824
13.458824
13.458824
1.#INF00
-1.#IND00
13.551437
13.551437
13.551437
13.551437
13.551437
13.551437
13.551437
13.551437
13.551437
1.#INF00
-1.#IND00
13.643952
13.643952
13.643952
13.643952
13.643952
13.643952
13.643952
13.643952
13.643952
1.#INF00
-1.#IND00
13.736367
13.736367
13.736367
13.736367
13.736367
13.736367
13.736367
13.736367
13.736367
1.#INF00
-1.#IND00
13.828684
13.828684
13.828684
13.828684
13.828684
13.828684
13.828684
13.828684
13.828684
1.#INF00
-1.#IND00
13.920901
13.920901
13.920901
13.920901
13.920901
13.920901
13.920901
13.920901
13.920901
1.#INF00
-1.#IND00
14.013020
14.013020
14.013020
14.013020
14.013020
14.013020
14.013020
14.013020
14.013020
1.#INF00
-1.#IND00
14.105041
14.105041
14.105041
14.105041
14.105041
14.105041
14.105041
14.105041
14.105041
1.#INF00
-1.#IND00
14.196963
14.196963
14.196963
14.196963
14.196963
14.196963
14.196963
14.196963
14.196963
1.#INF00
-1.#IND00
14.288786
14.288786
14.288786
14.288786
14.288786
14.288786
14.288786
14.288786
14.288786
1.#INF00
-1.#IND00
14.380511
14.380511
14.380511
14.380511
14.380511
14.380511
14.380511
14.380511
14.380511
1.#INF00
-1.#IND00
14.472139
14.472139
14.472139
14.472139
14.472139
14.472139
14.472139
14.472139
14.472139
1.#INF00
-1.#IND00
14.563668
14.563668
14.563668
14.563668
14.563668
14.563668
14.563668
14.563668
14.563668
1.#INF00
-1.#IND00
14.655099
14.655099
14.655099
14.655099
14.655099
14.655099
14.655099
14.655099
14.655099
1.#INF00
-1.#IND00
14.746432
14.746432
14.746432
14.746432
14.746432
14.746432
14.746432
14.746432
14.746432
1.#INF00
-1.#IND00
14.837668
14.837668
14.837668
14.837668
14.837668
14.837668
14.837668
14.837668
14.837668
1.#INF00
-1.#IND00
14.928805
14.928805
14.928805
14.928805
14.928805
14.928805
14.928805
14.928805
14.928805
1.#INF00
-1.#IND00
15.019846
15.019846
15.019846
15.019846
15.019846
15.019846
15.019846
15.019846
15.019846
1.#INF00
-1.#IND00
15.110789
15.110789
15.110789
15.110789
15.110789
15.110789
15.110789
15.110789
15.110789
1.#INF00
-1.#IND00
15.201634
15.201634
15.201634
15.201634
15.201634
15.201634
15.201634
15.201634
15.201634
1.#INF00
-1.#IND00
15.292383
15.292383
15.292383
15.292383
15.292383
15.292383
15.292383
15.292383
15.292383
1.#INF00
-1.#IND00
15.383034
15.383034
15.383034
15.383034
15.383034
15.383034
15.383034
15.383034
15.383034
1.#INF00
-1.#IND00
15.473588
15.473588
15.473588
15.473588
15.473588
15.473588
15.473588
15.473588
15.473588
1.#INF00
-1.#IND00
15.564046
15.564046
15.564046
15.564046
15.564046
15.564046
15.564046
15.564046
15.564046
1.#INF00
-1.#IND00
15.654406
15.654406
15.654406
15.654406
15.654406
15.654406
15.654406
15.654406
15.654406
1.#INF00
-1.#IND00
15.744670
15.744670
15.744670
15.744670
15.744670
15.744670
15.744670
15.744670
15.744670
1.#INF00
-1.#IND00
15.834837
15.834837
15.834837
15.834837
15.834837
15.834837
15.834837
15.834837
15.834837
1.#INF00
-1.#IND00
15.924908
15.924908
15.924908
15.924908
15.924908
15.924908
15.924908
15.924908
15.924908
1.#INF00
-1.#IND00
16.014882
16.014882
16.014882
16.014882
16.014882
16.014882
16.014882
16.014882
16.014882
1.#INF00
-1.#IND00
16.104760
16.104760
16.104760
16.104760
16.104760
16.104760
16.104760
16.104760
16.104760
1.#INF00
-1.#IND00
16.194542
16.194542
16.194542
16.194542
16.194542
16.194542
16.194542
16.194542
16.194542
1.#INF00
-1.#IND00
16.284228
16.284228
16.284228
16.284228
16.284228
16.284228
16.284228
16.284228
16.284228
1.#INF00
-1.#IND00
16.373818
16.373818
16.373818
16.373818
16.373818
16.373818
16.373818
16.373818
16.373818
1.#INF00
-1.#IND00
16.463312
16.463312
16.463312
16.463312
16.463312
16.463312
16.463312
16.463312
16.463312
1.#INF00
-1.#IND00
16.552710
16.552710
16.552710
16.552710
16.552710
16.552710
16.552710
16.552710
16.552710
1.#INF00
-1.#IND00
16.642013
16.642013
16.642013
16.642013
16.642013
16.642013
16.642013
16.642013
16.642013
1.#INF00
-1.#IND00
16.731220
16.731220
16.731220
16.731220
16.731220
16.731220
16.731220
16.731220
16.731220
1.#INF00
-1.#IND00
16.820331
16.820331
16.820331
16.820331
16.820331
16.820331
16.820331
16.820331
16.820331
1.#INF00
-1.#IND00
16.909347
16.909347
16.909347
16.909347
16.909347
16.909347
16.909347
16.909347
16.909347
1.#INF00
-1.#IND00
16.998268
16.998268
16.998268
16.998268
16.998268
16.998268
16.998268
16.998268
16.998268
1.#INF00
-1.#IND00
17.087094
17.087094
17.087094
17.087094
17.087094
17.087094
17.087094
17.087094
17.087094
1.#INF00
-1.#IND00
17.175824
17.175824
17.175824
17.175824
17.175824
17.175824
17.175824
17.175824
17.175824
1.#INF00
-1.#IND00
17.264460
17.264460
17.264460
17.264460
17.264460
17.264460
17.264460
17.264460
17.264460
1.#INF00
-1.#IND00
17.353001
17.353001
17.353001
17.353001
17.353001
17.353001
17.353001
17.353001
17.353001
1.#INF00
-1.#IND00
17.441447
17.441447
17.441447
17.441447
17.441447
17.441447
17.441447
17.441447
17.441447
1.#INF00
-1.#IND00
17.529798
17.529798
17.529798
17.529798
17.529798
17.529798
17.529798
17.529798
17.529798
1.#INF00
-1.#IND00
17.618055
17.618055
17.618055
17.618055
17.618055
17.618055
17.618055
17.618055
17.618055
1.#INF00
-1.#IND00
17.706218
17.706218
17.706218
17.706218
17.706218
17.706218
17.706218
17.706218
17.706218
1.#INF00
-1.#IND00
17.794286
17.794286
17.794286
17.794286
17.794286
17.794286
17.794286
17.794286
17.794286
1.#INF00
-1.#IND00
17.882259
17.882259
17.882259
17.882259
17.882259
17.882259
17.882259
17.882259
17.882259
1.#INF00
-1.#IND00
17.970139
17.970139
17.970139
17.970139
17.970139
17.970139
17.970139
17.970139
17.970139
1.#INF00
-1.#IND00
18.057925
18.057925
18.057925
18.057925
18.057925
18.057925
18.057925
18.057925
18.057925
1.#INF00
-1.#IND00
18.145616
18.145616
18.145616
18.145616
18.145616
18.145616
18.145616
18.145616
18.145616
1.#INF00
-1.#IND00
18.233214
18.233214
18.233214
18.233214
18.233214
18.233214
18.233214
18.233214
18.233214
1.#INF00
-1.#IND00
18.320718
18.320718
18.320718
18.320718
18.320718
18.320718
18.320718
18.320718
18.320718
1.#INF00
-1.#IND00
18.408129
18.408129
18.408129
18.408129
18.408129
18.408129
18.408129
18.408129
18.408129
1.#INF00
-1.#IND00
18.495446
18.495446
18.495446
18.495446
18.495446
18.495446
18.495446
18.495446
18.495446
1.#INF00
-1.#IND00
18.582669
18.582669
18.582669
18.582669
18.582669
18.582669
18.582669
18.582669
18.582669
1.#INF00
-1.#IND00
18.669799
18.669799
18.669799
18.669799
18.669799
18.669799
18.669799
18.669799
18.669799
1.#INF00
-1.#IND00
18.756836
18.756836
18.756836
18.756836
18.756836
18.756836
18.756836
18.756836
18.756836
1.#INF00
-1.#IND00
18.843780
18.843780
18.843780
18.843780
18.843780
18.843780
18.843780
18.843780
18.843780
1.#INF00
-1.#IND00
18.930631
18.930631
18.930631
18.930631
18.930631
18.930631
18.930631
18.930631
18.930631
1.#INF00
-1.#IND00
19.017388
19.017388
19.017388
19.017388
19.017388
19.017388
19.017388
19.017388
19.017388
1.#INF00
-1.#IND00
19.104053
19.104053
19.104053
19.104053
19.104053
19.104053
19.104053
19.104053
19.104053
1.#INF00
-1.#IND00
19.190625
19.190625
19.190625
19.190625
19.190625
19.190625
19.190625
19.190625
19.190625
1.#INF00
-1.#IND00
19.277105
19.277105
19.277105
19.277105
19.277105
19.277105
19.277105
19.277105
19.277105
1.#INF00
-1.#IND00
19.363492
19.363492
19.363492
19.363492
19.363492
19.363492
19.363492
19.363492
19.363492
1.#INF00
-1.#IND00
19.449786
19.449786
19.449786
19.449786
19.449786
19.449786
19.449786
19.449786
19.449786
1.#INF00
-1.#IND00
19.535988
19.535988
19.535988
19.535988
19.535988
19.535988
19.535988
19.535988
19.535988
1.#INF00
-1.#IND00
19.622098
19.622098
19.622098
19.622098
19.622098
19.622098
19.622098
19.622098
19.622098
1.#INF00
-1.#IND00
19.708116
19.708116
19.708116
19.708116
19.708116
19.708116
19.708116
19.708116
19.708116
1.#INF00
-1.#IND00
19.794042
19.794042
19.794042
19.794042
19.794042
19.794042
19.794042
19.794042
19.794042
1.#INF00
-1.#IND00
19.879876
19.879876
19.879876
19.879876
19.879876
19.879876
19.879876
19.879876
19.879876
1.#INF00
-1.#IND00
19.965617
19.965617
19.965617
19.965617
19.965617
19.965617
19.965617
19.965617
19.965617
1.#INF00
-1.#IND00
20.051268
20.051268
20.051268
20.051268
20.051268
20.051268
20.051268
20.051268
20.051268
1.#INF00
-1.#IND00
20.136826
20.136826
20.136826
20.136826
20.136826
20.136826
20.136826
20.136826
20.136826
1.#INF00
-1.#IND00
20.222293
20.222293
20.222293
20.222293
20.222293
20.222293
20.222293
20.222293
20.222293
1.#INF00
-1.#IND00
20.307668
20.307668
20.307668
20.307668
20.307668
20.307668
20.307668
20.307668
20.307668
1.#INF00
-1.#IND00
20.392952
20.392952
20.392952
20.392952
20.392952
20.392952
20.392952
20.392952
20.392952
1.#INF00
-1.#IND00
20.478145
20.478145
20.478145
20.478145
20.478145
20.478145
20.478145
20.478145
20.478145
1.#INF00
-1.#IND00
20.563247
20.563247
20.563247
20.563247
20.563247
20.563247
20.563247
20.563247
20.563247
1.#INF00
-1.#IND00
20.648257
20.648257
20.648257
20.648257
20.648257
20.648257
20.648257
20.648257
20.648257
1.#INF00
-1.#IND00
20.733177
20.733177
20.733177
20.733177
20.733177
20.733177
20.733177
20.733177
20.733177
1.#INF00
-1.#IND00
20.818006
20.818006
20.818006
20.818006
20.818006
20.818006
20.818006
20.818006
20.818006
1.#INF00
-1.#IND00
20.902744
20.902744
20.902744
20.902744
20.902744
20.902744
20.902744
20.902744
20.902744
1.#INF00
-1.#IND00
20.987391
20.987391
20.987391
20.987391
20.987391
20.987391
20.987391
20.987391
20.987391
1.#INF00
-1.#IND00
21.071948
21.071948
21.071948
21.071948
21.071948
21.071948
21.071948
21.071948
21.071948
1.#INF00
-1.#IND00
21.156414
21.156414
21.156414
21.156414
21.156414
21.156414
21.156414
21.156414
21.156414
1.#INF00
-1.#IND00
21.240790
21.240790
21.240790
21.240790
21.240790
21.240790
21.240790
21.240790
21.240790
1.#INF00
-1.#IND00
21.325075
21.325075
21.325075
21.325075
21.325075
21.325075
21.325075
21.325075
21.325075
1.#INF00
-1.#IND00
21.409270
21.409270
21.409270
21.409270
21.409270
21.409270
21.409270
21.409270
21.409270
1.#INF00
-1.#IND00
21.493375
21.493375
21.493375
21.493375
21.493375
21.493375
21.493375
21.493375
21.493375
1.#INF00
-1.#IND00
21.577391
21.577391
21.577391
21.577391
21.577391
21.577391
21.577391
21.577391
21.577391
1.#INF00
-1.#IND00
21.661316
21.661316
21.661316
21.661316
21.661316
21.661316
21.661316
21.661316
21.661316
1.#INF00
-1.#IND00
21.745151
21.745151
21.745151
21.745151
21.745151
21.745151
21.745151
21.745151
21.745151
1.#INF00
-1.#IND00
21.828897
21.828897
21.828897
21.828897
21.828897
21.828897
21.828897
21.828897
21.828897
1.#INF00
-1.#IND00
21.912553
21.912553
21.912553
21.912553
21.912553
21.912553
21.912553
21.912553
21.912553
1.#INF00
-1.#IND00
21.996120
21.996120
21.996120
21.996120
21.996120
21.996120
21.996120
21.996120
21.996120
1.#INF00
-1.#IND00
22.079597
22.079597
22.079597
22.079597
22.079597
22.079597
22.079597
22.079597
22.079597
1.#INF00
-1.#IND00
22.162985
22.162985
22.162985
22.162985
22.162985
22.162985
22.162985
22.162985
22.162985
1.#INF00
-1.#IND00
22.246283
22.246283
22.246283
22.246283
22.246283
22.246283
22.246283
22.246283
22.246283
1.#INF00
-1.#IND00
22.329493
22.329493
22.329493
22.329493
22.329493
22.329493
22.329493
22.329493
22.329493
1.#INF00
-1.#IND00
22.412613
22.412613
22.412613
22.412613
22.412613
22.412613
22.412613
22.412613
22.412613
1.#INF00
-1.#IND00
22.495645
22.495645
22.495645
22.495645
22.495645
22.495645
22.495645
22.495645
22.495645
1.#INF00
-1.#IND00
22.578587
22.578587
22.578587
22.578587
22.578587
22.578587
22.578587
22.578587
22.578587
1.#INF00
-1.#IND00
22.661441
22.661441
22.661441
22.661441
22.661441
22.661441
22.661441
22.661441
22.661441
1.#INF00
-1.#IND00
22.744206
22.744206
22.744206
22.744206
22.744206
22.744206
22.744206
22.744206
22.744206
1.#INF00
-1.#IND00
22.826883
22.826883
22.826883
22.826883
22.826883
22.826883
22.826883
22.826883
22.826883
1.#INF00
-1.#IND00
22.909471
22.909471
22.909471
22.909471
22.909471
22.909471
22.909471
22.909471
22.909471
1.#INF00
-1.#IND00
22.991971
22.991971
22.991971
22.991971
22.991971
22.991971
22.991971
22.991971
22.991971
1.#INF00
-1.#IND00
23.074382
23.074382
23.074382
23.074382
23.074382
23.074382
23.074382
23.074382
23.074382
1.#INF00
-1.#IND00
23.156705
23.156705
23.156705
23.156705
23.156705
23.156705
23.156705
23.156705
23.156705
1.#INF00
-1.#IND00
23.238940
23.238940
23.238940
23.238940
23.238940
23.238940
23.238940
23.238940
23.238940
1.#INF00
-1.#IND00
23.321087
23.321087
23.321087
23.321087
23.321087
23.321087
23.321087
23.321087
23.321087
1.#INF00
-1.#IND00
23.403147
23.403147
23.403147
23.403147
23.403147
23.403147
23.403147
23.403147
23.403147
1.#INF00
-1.#IND00
23.485118
23.485118
23.485118
23.485118
23.485118
23.485118
23.485118
23.485118
23.485118
1.#INF00
-1.#IND00
23.567002
23.567002
23.567002
23.567002
23.567002
23.567002
23.567002
23.567002
23.567002
1.#INF00
-1.#IND00
23.648798
23.648798
23.648798
23.648798
23.648798
23.648798
23.648798
23.648798
23.648798
1.#INF00
-1.#IND00
23.730506
23.730506
23.730506
23.730506
23.730506
23.730506
23.730506
23.730506
23.730506
1.#INF00
-1.#IND00
23.812127
23.812127
23.812127
23.812127
23.812127
23.812127
23.812127
23.812127
23.812127
1.#INF00
