0.000000
0.000000
0.000000
0.000000
0.000000
0.000000
0.000000
0.000000
0.000000
0.000000
1.#INF00
0.002020
0.002020
0.002020
0.002020
0.002020
0.002020
0.002020
0.002020
0.002020
0.002020
1.#INF00
0.004039
0.004039
0.004039
0.004039
0.004039
0.004039
0.004039
0.004039
0.004039
0.004039
1.#INF00
0.006059
0.006059
0.006059
0.006059
0.006059
0.006059
0.006059
0.006059
0.006059
0.006059
1.#INF00
0.008079
0.008079
0.008079
0.008079
0.008079
0.008079
0.008079
0.008079
0.008079
0.008079
1.#INF00
0.010098
0.010098
0.010098
0.010098
0.010098
0.010098
0.010098
0.010098
0.010098
0.010098
1.#INF00
0.012118
0.012118
0.012118
0.012118
0.012118
0.012118
0.012118
0.012118
0.012118
0.012118
1.#INF00
0.014137
0.014137
0.014137
0.014137
0.014137
0.014137
0.014137
0.014137
0.014137
0.014137
1.#INF00
0.016156
0.016156
0.016156
0.016156
0.016156
0.016156
0.016156
0.016156
0.016156
0.016156
1.#INF00
0.018176
0.018176
0.018176
0.018176
0.018176
0.018176
0.018176
0.018176
0.018176
0.018176
1.#INF00
0.020195
0.020195
0.020195
0.020195
0.020195
0.020195
0.020195
0.020195
0.020195
0.020195
1.#INF00
0.022215
0.022215
0.022215
0.022215
0.022215
0.022215
0.022215
0.022215
0.022215
0.022215
1.#INF00
0.024234
0.024234
0.024234
0.024234
0.024234
0.024234
0.024234
0.024234
0.024234
0.024234
1.#INF00
0.026253
0.026253
0.026253
0.026253
0.026253
0.026253
0.026253
0.026253
0.026253
0.026253
1.#INF00
0.028272
0.028272
0.028272
0.028272
0.028272
0.028272
0.028272
0.028272
0.028272
0.028272
1.#INF00
0.030291
0.030291
0.030291
0.030291
0.030291
0.030291
0.030291
0.030291
0.030291
0.030291
1.#INF00
0.032310
0.032310
0.032310
0.032310
0.032310
0.032310
0.032310
0.032310
0.032310
0.032310
1.#INF00
0.034329
0.034329
0.034329
0.034329
0.034329
0.034329
0.034329
0.034329
0.034329
0.034329
1.#INF00
0.036348
0.036348
0.036348
0.036348
0.036348
0.036348
0.036348
0.036348
0.036348
0.036348
1.#INF00
0.038367
0.038367
0.038367
0.038367
0.038367
0.038367
0.038367
0.038367
0.038367
0.038367
1.#INF00
0.040386
0.040386
0.040386
0.040386
0.040386
0.040386
0.040386
0.040386
0.040386
0.040386
1.#INF00
0.042405
0.042405
0.042405
0.042405
0.042405
0.042405
0.042405
0.042405
0.042405
0.042405
1.#INF00
0.044424
0.044424
0.044424
0.044424
0.044424
0.044424
0.044424
0.044424
0.044424
0.044424
1.#INF00
0.046443
0.046443
0.046443
0.046443
0.046443
0.046443
0.046443
0.046443
0.046443
0.046443
1.#INF00
0.048462
0.048462
0.048462
0.048462
0.048462
0.048462
0.048462
0.048462
0.048462
0.048462
1.#INF00
0.050480
0.050480
0.050480
0.050480
0.050480
0.050480
0.050480
0.050480
0.050480
0.050480
1.#INF00
0.052499
0.052499
0.052499
0.052499
0.052499
0.052499
0.052499
0.052499
0.052499
0.052499
1.#INF00
0.054518
0.054518
0.054518
0.054518
0.054518
0.054518
0.054518
0.054518
0.054518
0.054518
1.#INF00
0.056536
0.056536
0.056536
0.056536
0.056536
0.056536
0.056536
0.056536
0.056536
0.056536
1.#INF00
0.058555
0.058555
0.058555
0.058555
0.058555
0.058555
0.058555
0.058555
0.058555
0.058555
1.#INF00
0.060573
0.060573
0.060573
0.060573
0.060573
0.060573
0.060573
0.060573
0.060573
0.060573
1.#INF00
0.062592
0.062592
0.062592
0.062592
0.062592
0.062592
0.062592
0.062592
0.062592
0.062592
1.#INF00
0.064610
0.064610
0.064610
0.064610
0.064610
0.064610
0.064610
0.064610
0.064610
0.064610
1.#INF00
0.066629
0.066629
0.066629
0.066629
0.066629
0.066629
0.066629
0.066629
0.066629
0.066629
1.#INF00
0.068647
0.068647
0.068647
0.068647
0.068647
0.068647
0.068647
0.068647
0.068647
0.068647
1.#INF00
0.070665
0.070665
0.070665
0.070665
0.070665
0.070665
0.070665
0.070665
0.070665
0.070665
1.#INF00
0.072684
0.072684
0.072684
0.072684
0.072684
0.072684
0.072684
0.072684
0.072684
0.072684
1.#INF00
0.074702
0.074702
0.074702
0.074702
0.074702
0.074702
0.074702
0.074702
0.074702
0.074702
1.#INF00
0.076720
0.076720
0.076720
0.076720
0.076720
0.076720
0.076720
0.076720
0.076720
0.076720
1.#INF00
0.078738
0.078738
0.078738
0.078738
0.078738
0.078738
0.078738
0.078738
0.078738
0.078738
1.#INF00
0.080756
0.080756
0.080756
0.080756
0.080756
0.080756
0.080756
0.080756
0.080756
0.080756
1.#INF00
0.082774
0.082774
0.082774
0.082774
0.082774
0.082774
0.082774
0.082774
0.082774
0.082774
1.#INF00
0.084792
0.084792
0.084792
0.084792
0.084792
0.084792
0.084792
0.084792
0.084792
0.084792
1.#INF00
0.086810
0.086810
0.086810
0.086810
0.086810
0.086810
0.086810
0.086810
0.086810
0.086810
1.#INF00
0.088828
0.088828
0.088828
0.088828
0.088828
0.088828
0.088828
0.088828
0.088828
0.088828
1.#INF00
0.090846
0.090846
0.090846
0.090846
0.090846
0.090846
0.090846
0.090846
0.090846
0.090846
1.#INF00
0.092864
0.092864
0.092864
0.092864
0.092864
0.092864
0.092864
0.092864
0.092864
0.092864
1.#INF00
0.094882
0.094882
0.094882
0.094882
0.094882
0.094882
0.094882
0.094882
0.094882
0.094882
1.#INF00
0.096900
0.096900
0.096900
0.096900
0.096900
0.096900
0.096900
0.096900
0.096900
0.096900
1.#INF00
0.098918
0.098918
0.098918
0.098918
0.098918
0.098918
0.098918
0.098918
0.098918
0.098918
1.#INF00
0.100935
0.100935
0.100935
0.100935
0.100935
0.100935
0.100935
0.100935
0.100935
0.100935
1.#INF00
0.102953
0.102953
0.102953
0.102953
0.102953
0.102953
0.102953
0.102953
0.102953
0.102953
1.#INF00
0.104971
0.104971
0.104971
0.104971
0.104971
0.104971
0.104971
0.104971
0.104971
0.104971
1.#INF00
0.106988
0.106988
0.106988
0.106988
0.106988
0.106988
0.106988
0.106988
0.106988
0.106988
1.#INF00
0.109006
0.109006
0.109006
0.109006
0.109006
0.109006
0.109006
0.109006
0.109006
0.109006
1.#INF00
0.111023
0.111023
0.111023
0.111023
0.111023
0.111023
0.111023
0.111023
0.111023
0.111023
1.#INF00
0.113041
0.113041
0.113041
0.113041
0.113041
0.113041
0.113041
0.113041
0.113041
0.113041
1.#INF00
0.115058
0.115058
0.115058
0.115058
0.115058
0.115058
0.115058
0.115058
0.115058
0.115058
1.#INF00
0.117075
0.117075
0.117075
0.117075
0.117075
0.117075
0.117075
0.117075
0.117075
0.117075
1.#INF00
0.119093
0.119093
0.119093
0.119093
0.119093
0.119093
0.119093
0.119093
0.119093
0.119093
1.#INF00
0.121110
0.121110
0.121110
0.121110
0.121110
0.121110
0.121110
0.121110
0.121110
0.121110
1.#INF00
0.123127
0.123127
0.123127
0.123127
0.123127
0.123127
0.123127
0.123127
0.123127
0.123127
1.#INF00
0.125145
0.125145
0.125145
0.125145
0.125145
0.125145
0.125145
0.125145
0.125145
0.125145
1.#INF00
0.127162
0.127162
0.127162
0.127162
0.127162
0.127162
0.127162
0.127162
0.127162
0.127162
1.#INF00
0.129179
0.129179
0.129179
0.129179
0.129179
0.129179
0.129179
0.129179
0.129179
0.129179
1.#INF00
0.131196
0.131196
0.131196
0.131196
0.131196
0.131196
0.131196
0.131196
0.131196
0.131196
1.#INF00
0.133213
0.133213
0.133213
0.133213
0.133213
0.133213
0.133213
0.133213
0.133213
0.133213
1.#INF00
0.135230
0.135230
0.135230
0.135230
0.135230
0.135230
0.135230
0.135230
0.135230
0.135230
1.#INF00
0.137247
0.137247
0.137247
0.137247
0.137247
0.137247
0.137247
0.137247
0.137247
0.137247
1.#INF00
0.139264
0.139264
0.139264
0.139264
0.139264
0.139264
0.139264
0.139264
0.139264
0.139264
1.#INF00
0.141281
0.141281
0.141281
0.141281
0.141281
0.141281
0.141281
0.141281
0.141281
0.141281
1.#INF00
0.143298
0.143298
0.143298
0.143298
0.143298
0.143298
0.143298
0.143298
0.143298
0.143298
1.#INF00
0.145315
0.145315
0.145315
0.145315
0.145315
0.145315
0.145315
0.145315
0.145315
0.145315
1.#INF00
0.147331
0.147331
0.147331
0.147331
0.147331
0.147331
0.147331
0.147331
0.147331
0.147331
1.#INF00
0.149348
0.149348
0.149348
0.149348
0.149348
0.149348
0.149348
0.149348
0.149348
0.149348
1.#INF00
0.151365
0.151365
0.151365
0.151365
0.151365
0.151365
0.151365
0.151365
0.151365
0.151365
1.#INF00
0.153381
0.153381
0.153381
0.153381
0.153381
0.153381
0.153381
0.153381
0.153381
0.153381
1.#INF00
0.155398
0.155398
0.155398
0.155398
0.155398
0.155398
0.155398
0.155398
0.155398
0.155398
1.#INF00
0.157415
0.157415
0.157415
0.157415
0.157415
0.157415
0.157415
0.157415
0.157415
0.157415
1.#INF00
0.159431
0.159431
0.159431
0.159431
0.159431
0.159431
0.159431
0.159431
0.159431
0.159431
1.#INF00
0.161448
0.161448
0.161448
0.161448
0.161448
0.161448
0.161448
0.161448
0.161448
0.161448
1.#INF00
0.163464
0.163464
0.163464
0.163464
0.163464
0.163464
0.163464
0.163464
0.163464
0.163464
1.#INF00
0.165480
0.165480
0.165480
0.165480
0.165480
0.165480
0.165480
0.165480
0.165480
0.165480
1.#INF00
0.167497
0.167497
0.167497
0.167497
0.167497
0.167497
0.167497
0.167497
0.167497
0.167497
1.#INF00
0.169513
0.169513
0.169513
0.169513
0.169513
0.169513
0.169513
0.169513
0.169513
0.169513
1.#INF00
0.171529
0.171529
0.171529
0.171529
0.171529
0.171529
0.171529
0.171529
0.171529
0.171529
1.#INF00
0.173546
0.173546
0.173546
0.173546
0.173546
0.173546
0.173546
0.173546
0.173546
0.173546
1.#INF00
0.175562
0.175562
0.175562
0.175562
0.175562
0.175562
0.175562
0.175562
0.175562
0.175562
1.#INF00
0.177578
0.177578
0.177578
0.177578
0.177578
0.177578
0.177578
0.177578
0.177578
0.177578
1.#INF00
0.179594
0.179594
0.179594
0.179594
0.179594
0.179594
0.179594
0.179594
0.179594
0.179594
1.#INF00
0.181610
0.181610
0.181610
0.181610
0.181610
0.181610
0.181610
0.181610
0.181610
0.181610
1.#INF00
0.183626
0.183626
0.183626
0.183626
0.183626
0.183626
0.183626
0.183626
0.183626
0.183626
1.#INF00
0.185642
0.185642
0.185642
0.185642
0.185642
0.185642
0.185642
0.185642
0.185642
0.185642
1.#INF00
0.187658
0.187658
0.187658
0.187658
0.187658
0.187658
0.187658
0.187658
0.187658
0.187658
1.#INF00
0.189674
0.189674
0.189674
0.189674
0.189674
0.189674
0.189674
0.189674
0.189674
0.189674
1.#INF00
0.191690
0.191690
0.191690
0.191690
0.191690
0.191690
0.191690
0.191690
0.191690
0.191690
1.#INF00
0.193706
0.193706
0.193706
0.193706
0.193706
0.193706
0.193706
0.193706
0.193706
0.193706
1.#INF00
0.195722
0.195722
0.195722
0.195722
0.195722
0.195722
0.195722
0.195722
0.195722
0.195722
1.#INF00
0.197737
0.197737
0.197737
0.197737
0.197737
0.197737
0.197737
0.197737
0.197737
0.197737
1.#INF00
0.199753
0.199753
0.199753
0.199753
0.199753
0.199753
0.199753
0.199753
0.199753
0.199753
1.#INF00
0.201769
0.201769
0.201769
0.201769
0.201769
0.201769
0.201769
0.201769
0.201769
0.201769
1.#INF00
0.203784
0.203784
0.203784
0.203784
0.203784
0.203784
0.203784
0.203784
0.203784
0.203784
1.#INF00
0.205800
0.205800
0.205800
0.205800
0.205800
0.205800
0.205800
0.205800
0.205800
0.205800
1.#INF00
0.207815
0.207815
0.207815
0.207815
0.207815
0.207815
0.207815
0.207815
0.207815
0.207815
1.#INF00
0.209831
0.209831
0.209831
0.209831
0.209831
0.209831
0.209831
0.209831
0.209831
0.209831
1.#INF00
0.211846
0.211846
0.211846
0.211846
0.211846
0.211846
0.211846
0.211846
0.211846
0.211846
1.#INF00
0.213862
0.213862
0.213862
0.213862
0.213862
0.213862
0.213862
0.213862
0.213862
0.213862
1.#INF00
0.215877
0.215877
0.215877
0.215877
0.215877
0.215877
0.215877
0.215877
0.215877
0.215877
1.#INF00
0.217893
0.217893
0.217893
0.217893
0.217893
0.217893
0.217893
0.217893
0.217893
0.217893
1.#INF00
0.219908
0.219908
0.219908
0.219908
0.219908
0.219908
0.219908
0.219908
0.219908
0.219908
1.#INF00
0.221923
0.221923
0.221923
0.221923
0.221923
0.221923
0.221923
0.221923
0.221923
0.221923
1.#INF00
0.223938
0.223938
0.223938
0.223938
0.223938
0.223938
0.223938
0.223938
0.223938
0.223938
1.#INF00
0.225954
0.225954
0.225954
0.225954
0.225954
0.225954
0.225954
0.225954
0.225954
0.225954
1.#INF00
0.227969
0.227969
0.227969
0.227969
0.227969
0.227969
0.227969
0.227969
0.227969
0.227969
1.#INF00
0.229984
0.229984
0.229984
0.229984
0.229984
0.229984
0.229984
0.229984
0.229984
0.229984
1.#INF00
0.231999
0.231999
0.231999
0.231999
0.231999
0.231999
0.231999
0.231999
0.231999
0.231999
1.#INF00
0.234014
0.234014
0.234014
0.234014
0.234014
0.234014
0.234014
0.234014
0.234014
0.234014
1.#INF00
0.236029
0.236029
0.236029
0.236029
0.236029
0.236029
0.236029
0.236029
0.236029
0.236029
1.#INF00
0.238044
0.238044
0.238044
0.238044
0.238044
0.238044
0.238044
0.238044
0.238044
0.238044
1.#INF00
0.240059
0.240059
0.240059
0.240059
0.240059
0.240059
0.240059
0.240059
0.240059
0.240059
1.#INF00
0.242074
0.242074
0.242074
0.242074
0.242074
0.242074
0.242074
0.242074
0.242074
0.242074
1.#INF00
0.244088
0.244088
0.244088
0.244088
0.244088
0.244088
0.244088
0.244088
0.244088
0.244088
1.#INF00
0.246103
0.246103
0.246103
0.246103
0.246103
0.246103
0.246103
0.246103
0.246103
0.246103
1.#INF00
0.248118
0.248118
0.248118
0.248118
0.248118
0.248118
0.248118
0.248118
0.248118
0.248118
1.#INF00
0.250133
0.250133
0.250133
0.250133
0.250133
0.250133
0.250133
0.250133
0.250133
0.250133
1.#INF00
0.252147
0.252147
0.252147
0.252147
0.252147
0.252147
0.252147
0.252147
0.252147
0.252147
1.#INF00
0.254162
0.254162
0.254162
0.254162
0.254162
0.254162
0.254162
0.254162
0.254162
0.254162
1.#INF00
0.256176
0.256176
0.256176
0.256176
0.256176
0.256176
0.256176
0.256176
0.256176
0.256176
1.#INF00
0.258191
0.258191
0.258191
0.258191
0.258191
0.258191
0.258191
0.258191
0.258191
0.258191
1.#INF00
0.260205
0.260205
0.260205
0.260205
0.260205
0.260205
0.260205
0.260205
0.260205
0.260205
1.#INF00
0.262220
0.262220
0.262220
0.262220
0.262220
0.262220
0.262220
0.262220
0.262220
0.262220
1.#INF00
0.264234
0.264234
0.264234
0.264234
0.264234
0.264234
0.264234
0.264234
0.264234
0.264234
1.#INF00
0.266249
0.266249
0.266249
0.266249
0.266249
0.266249
0.266249
0.266249
0.266249
0.266249
1.#INF00
0.268263
0.268263
0.268263
0.268263
0.268263
0.268263
0.268263
0.268263
0.268263
0.268263
1.#INF00
0.270277
0.270277
0.270277
0.270277
0.270277
0.270277
0.270277
0.270277
0.270277
0.270277
1.#INF00
0.272292
0.272292
0.272292
0.272292
0.272292
0.272292
0.272292
0.272292
0.272292
0.272292
1.#INF00
0.274306
0.274306
0.274306
0.274306
0.274306
0.274306
0.274306
0.274306
0.274306
0.274306
1.#INF00
0.276320
0.276320
0.276320
0.276320
0.276320
0.276320
0.276320
0.276320
0.276320
0.276320
1.#INF00
0.278334
0.278334
0.278334
0.278334
0.278334
0.278334
0.278334
0.278334
0.278334
0.278334
1.#INF00
0.280348
0.280348
0.280348
0.280348
0.280348
0.280348
0.280348
0.280348
0.280348
0.280348
1.#INF00
0.282362
0.282362
0.282362
0.282362
0.282362
0.282362
0.282362
0.282362
0.282362
0.282362
1.#INF00
0.284376
0.284376
0.284376
0.284376
0.284376
0.284376
0.284376
0.284376
0.284376
0.284376
1.#INF00
0.286390
0.286390
0.286390
0.286390
0.286390
0.286390
0.286390
0.286390
0.286390
0.286390
1.#INF00
0.288404
0.288404
0.288404
0.288404
0.288404
0.288404
0.288404
0.288404
0.288404
0.288404
1.#INF00
0.290418
0.290418
0.290418
0.290418
0.290418
0.290418
0.290418
0.290418
0.290418
0.290418
1.#INF00
0.292432
0.292432
0.292432
0.292432
0.292432
0.292432
0.292432
0.292432
0.292432
0.292432
1.#INF00
0.294446
0.294446
0.294446
0.294446
0.294446
0.294446
0.294446
0.294446
0.294446
0.294446
1.#INF00
0.296459
0.296459
0.296459
0.296459
0.296459
0.296459
0.296459
0.296459
0.296459
0.296459
1.#INF00
0.298473
0.298473
0.298473
0.298473
0.298473
0.298473
0.298473
0.298473
0.298473
0.298473
1.#INF00
0.300487
0.300487
0.300487
0.300487
0.300487
0.300487
0.300487
0.300487
0.300487
0.300487
1.#INF00
0.302500
0.302500
0.302500
0.302500
0.302500
0.302500
0.302500
0.302500
0.302500
0.302500
1.#INF00
0.304514
0.304514
0.304514
0.304514
0.304514
0.304514
0.304514
0.304514
0.304514
0.304514
1.#INF00
0.306527
0.306527
0.306527
0.306527
0.306527
0.306527
0.306527
0.306527
0.306527
0.306527
1.#INF00
0.308541
0.308541
0.308541
0.308541
0.308541
0.308541
0.308541
0.308541
0.308541
0.308541
1.#INF00
0.310554
0.310554
0.310554
0.310554
0.310554
0.310554
0.310554
0.310554
0.310554
0.310554
1.#INF00
0.312568
0.312568
0.312568
0.312568
0.312568
0.312568
0.312568
0.312568
0.312568
0.312568
1.#INF00
0.314581
0.314581
0.314581
0.314581
0.314581
0.314581
0.314581
0.314581
0.314581
0.314581
1.#INF00
0.316595
0.316595
0.316595
0.316595
0.316595
0.316595
0.316595
0.316595
0.316595
0.316595
1.#INF00
0.318608
0.318608
0.318608
0.318608
0.318608
0.318608
0.318608
0.318608
0.318608
0.318608
1.#INF00
0.320621
0.320621
0.320621
0.320621
0.320621
0.320621
0.320621
0.320621
0.320621
0.320621
1.#INF00
0.322634
0.322634
0.322634
0.322634
0.322634
0.322634
0.322634
0.322634
0.322634
0.322634
1.#INF00
0.324648
0.324648
0.324648
0.324648
0.324648
0.324648
0.324648
0.324648
0.324648
0.324648
1.#INF00
0.326661
0.326661
0.326661
0.326661
0.326661
0.326661
0.326661
0.326661
0.326661
0.326661
1.#INF00
0.328674
0.328674
0.328674
0.328674
0.328674
0.328674
0.328674
0.328674
0.328674
0.328674
1.#INF00
0.330687
0.330687
0.330687
0.330687
0.330687
0.330687
0.330687
0.330687
0.330687
0.330687
1.#INF00
0.332700
0.332700
0.332700
0.332700
0.332700
0.332700
0.332700
0.332700
0.332700
0.332700
1.#INF00
0.334713
0.334713
0.334713
0.334713
0.334713
0.334713
0.334713
0.334713
0.334713
0.334713
1.#INF00
0.336726
0.336726
0.336726
0.336726
0.336726
0.336726
0.336726
0.336726
0.336726
0.336726
1.#INF00
0.338739
0.338739
0.338739
0.338739
0.338739
0.338739
0.338739
0.338739
0.338739
0.338739
1.#INF00
0.340752
0.340752
0.340752
0.340752
0.340752
0.340752
0.340752
0.340752
0.340752
0.340752
1.#INF00
0.342765
0.342765
0.342765
0.342765
0.342765
0.342765
0.342765
0.342765
0.342765
0.342765
1.#INF00
0.344777
0.344777
0.344777
0.344777
0.344777
0.344777
0.344777
0.344777
0.344777
0.344777
1.#INF00
0.346790
0.346790
0.346790
0.346790
0.346790
0.346790
0.346790
0.346790
0.346790
0.346790
1.#INF00
0.348803
0.348803
0.348803
0.348803
0.348803
0.348803
0.348803
0.348803
0.348803
0.348803
1.#INF00
0.350815
0.350815
0.350815
0.350815
0.350815
0.350815
0.350815
0.350815
0.350815
0.350815
1.#INF00
0.352828
0.352828
0.352828
0.352828
0.352828
0.352828
0.352828
0.352828
0.352828
0.352828
1.#INF00
0.354841
0.354841
0.354841
0.354841
0.354841
0.354841
0.354841
0.354841
0.354841
0.354841
1.#INF00
0.356853
0.356853
0.356853
0.356853
0.356853
0.356853
0.356853
0.356853
0.356853
0.356853
1.#INF00
0.358866
0.358866
0.358866
0.358866
0.358866
0.358866
0.358866
0.358866
0.358866
0.358866
1.#INF00
0.360878
0.360878
0.360878
0.360878
0.360878
0.360878
0.360878
0.360878
0.360878
0.360878
1.#INF00
0.362891
0.362891
0.362891
0.362891
0.362891
0.362891
0.362891
0.362891
0.362891
0.362891
1.#INF00
0.364903
0.364903
0.364903
0.364903
0.364903
0.364903
0.364903
0.364903
0.364903
0.364903
1.#INF00
0.366915
0.366915
0.366915
0.366915
0.366915
0.366915
0.366915
0.366915
0.366915
0.366915
1.#INF00
0.368928
0.368928
0.368928
0.368928
0.368928
0.368928
0.368928
0.368928
0.368928
0.368928
1.#INF00
0.370940
0.370940
0.370940
0.370940
0.370940
0.370940
0.370940
0.370940
0.370940
0.370940
1.#INF00
0.372952
0.372952
0.372952
0.372952
0.372952
0.372952
0.372952
0.372952
0.372952
0.372952
1.#INF00
0.374964
0.374964
0.374964
0.374964
0.374964
0.374964
0.374964
0.374964
0.374964
0.374964
1.#INF00
0.376976
0.376976
0.376976
0.376976
0.376976
0.376976
0.376976
0.376976
0.376976
0.376976
1.#INF00
0.378988
0.378988
0.378988
0.378988
0.378988
0.378988
0.378988
0.378988
0.378988
0.378988
1.#INF00
0.381000
0.381000
0.381000
0.381000
0.381000
0.381000
0.381000
0.381000
0.381000
0.381000
1.#INF00
0.383012
0.383012
0.383012
0.383012
0.383012
0.383012
0.383012
0.383012
0.383012
0.383012
1.#INF00
0.385024
0.385024
0.385024
0.385024
0.385024
0.385024
0.385024
0.385024
0.385024
0.385024
1.#INF00
0.387036
0.387036
0.387036
0.387036
0.387036
0.387036
0.387036
0.387036
0.387036
0.387036
1.#INF00
0.389048
0.389048
0.389048
0.389048
0.389048
0.389048
0.389048
0.389048
0.389048
0.389048
1.#INF00
0.391060
0.391060
0.391060
0.391060
0.391060
0.391060
0.391060
0.391060
0.391060
0.391060
1.#INF00
0.393072
0.393072
0.393072
0.393072
0.393072
0.393072
0.393072
0.393072
0.393072
0.393072
1.#INF00
0.395084
0.395084
0.395084
0.395084
0.395084
0.395084
0.395084
0.395084
0.395084
0.395084
1.#INF00
0.397095
0.397095
0.397095
0.397095
0.397095
0.397095
0.397095
0.397095
0.397095
0.397095
1.#INF00
0.399107
0.399107
0.399107
0.399107
0.399107
0.399107
0.399107
0.399107
0.399107
0.399107
1.#INF00
0.401119
0.401119
0.401119
0.401119
0.401119
0.401119
0.401119
0.401119
0.401119
0.401119
1.#INF00
0.403130
0.403130
0.403130
0.403130
0.403130
0.403130
0.403130
0.403130
0.403130
0.403130
1.#INF00
0.405142
0.405142
0.405142
0.405142
0.405142
0.405142
0.405142
0.405142
0.405142
0.405142
1.#INF00
0.407153
0.407153
0.407153
0.407153
0.407153
0.407153
0.407153
0.407153
0.407153
0.407153
1.#INF00
0.409165
0.409165
0.409165
0.409165
0.409165
0.409165
0.409165
0.409165
0.409165
0.409165
1.#INF00
0.411176
0.411176
0.411176
0.411176
0.411176
0.411176
0.411176
0.411176
0.411176
0.411176
1.#INF00
0.413188
0.413188
0.413188
0.413188
0.413188
0.413188
0.413188
0.413188
0.413188
0.413188
1.#INF00
0.415199
0.415199
0.415199
0.415199
0.415199
0.415199
0.415199
0.415199
0.415199
0.415199
1.#INF00
0.417210
0.417210
0.417210
0.417210
0.417210
0.417210
0.417210
0.417210
0.417210
0.417210
1.#INF00
0.419222
0.419222
0.419222
0.419222
0.419222
0.419222
0.419222
0.419222
0.419222
0.419222
1.#INF00
0.421233
0.421233
0.421233
0.421233
0.421233
0.421233
0.421233
0.421233
0.421233
0.421233
1.#INF00
0.423244
0.423244
0.423244
0.423244
0.423244
0.423244
0.423244
0.423244
0.423244
0.423244
1.#INF00
0.425255
0.425255
0.425255
0.425255
0.425255
0.425255
0.425255
0.425255
0.425255
0.425255
1.#INF00
0.427266
0.427266
0.427266
0.427266
0.427266
0.427266
0.427266
0.427266
0.427266
0.427266
1.#INF00
0.429277
0.429277
0.429277
0.429277
0.429277
0.429277
0.429277
0.429277
0.429277
0.429277
1.#INF00
0.431288
0.431288
0.431288
0.431288
0.431288
0.431288
0.431288
0.431288
0.431288
0.431288
1.#INF00
0.433299
0.433299
0.433299
0.433299
0.433299
0.433299
0.433299
0.433299
0.433299
0.433299
1.#INF00
0.435310
0.435310
0.435310
0.435310
0.435310
0.435310
0.435310
0.435310
0.435310
0.435310
1.#INF00
0.437321
0.437321
0.437321
0.437321
0.437321
0.437321
0.437321
0.437321
0.437321
0.437321
1.#INF00
0.439332
0.439332
0.439332
0.439332
0.439332
0.439332
0.439332
0.439332
0.439332
0.439332
1.#INF00
0.441343
0.441343
0.441343
0.441343
0.441343
0.441343
0.441343
0.441343
0.441343
0.441343
1.#INF00
0.443354
0.443354
0.443354
0.443354
0.443354
0.443354
0.443354
0.443354
0.443354
0.443354
1.#INF00
0.445365
0.445365
0.445365
0.445365
0.445365
0.445365
0.445365
0.445365
0.445365
0.445365
1.#INF00
0.447375
0.447375
0.447375
0.447375
0.447375
0.447375
0.447375
0.447375
0.447375
0.447375
1.#INF00
0.449386
0.449386
0.449386
0.449386
0.449386
0.449386
0.449386
0.449386
0.449386
0.449386
1.#INF00
0.451397
0.451397
0.451397
0.451397
0.451397
0.451397
0.451397
0.451397
0.451397
0.451397
1.#INF00
0.453407
0.453407
0.453407
0.453407
0.453407
0.453407
0.453407
0.453407
0.453407
0.453407
1.#INF00
0.455418
0.455418
0.455418
0.455418
0.455418
0.455418
0.455418
0.455418
0.455418
0.455418
1.#INF00
0.457428
0.457428
0.457428
0.457428
0.457428
0.457428
0.457428
0.457428
0.457428
0.457428
1.#INF00
0.459439
0.459439
0.459439
0.459439
0.459439
0.459439
0.459439
0.459439
0.459439
0.459439
1.#INF00
0.461449
0.461449
0.461449
0.461449
0.461449
0.461449
0.461449
0.461449
0.461449
0.461449
1.#INF00
0.463460
0.463460
0.463460
0.463460
0.463460
0.463460
0.463460
0.463460
0.463460
0.463460
1.#INF00
0.465470
0.465470
0.465470
0.465470
0.465470
0.465470
0.465470
0.465470
0.465470
0.465470
1.#INF00
0.467480
0.467480
0.467480
0.467480
0.467480
0.467480
0.467480
0.467480
0.467480
0.467480
1.#INF00
0.469490
0.469490
0.469490
0.469490
0.469490
0.469490
0.469490
0.469490
0.469490
0.469490
1.#INF00
0.471501
0.471501
0.471501
0.471501
0.471501
0.471501
0.471501
0.471501
0.471501
0.471501
1.#INF00
0.473511
0.473511
0.473511
0.473511
0.473511
0.473511
0.473511
0.473511
0.473511
0.473511
1.#INF00
0.475521
0.475521
0.475521
0.475521
0.475521
0.475521
0.475521
0.475521
0.475521
0.475521
1.#INF00
0.477531
0.477531
0.477531
0.477531
0.477531
0.477531
0.477531
0.477531
0.477531
0.477531
1.#INF00
0.479541
0.479541
0.479541
0.479541
0.479541
0.479541
0.479541
0.479541
0.479541
0.479541
1.#INF00
0.481551
0.481551
0.481551
0.481551
0.481551
0.481551
0.481551
0.481551
0.481551
0.481551
1.#INF00
0.483561
0.483561
0.483561
0.483561
0.483561
0.483561
0.483561
0.483561
0.483561
0.483561
1.#INF00
0.485571
0.485571
0.485571
0.485571
0.485571
0.485571
0.485571
0.485571
0.485571
0.485571
1.#INF00
0.487581
0.487581
0.487581
0.487581
0.487581
0.487581
0.487581
0.487581
0.487581
0.487581
1.#INF00
0.489591
0.489591
0.489591
0.489591
0.489591
0.489591
0.489591
0.489591
0.489591
0.489591
1.#INF00
0.491601
0.491601
0.491601
0.491601
0.491601
0.491601
0.491601
0.491601
0.491601
0.491601
1.#INF00
0.493610
0.493610
0.493610
0.493610
0.493610
0.493610
0.493610
0.493610
0.493610
0.493610
1.#INF00
0.495620
0.495620
0.495620
0.495620
0.495620
0.495620
0.495620
0.495620
0.495620
0.495620
1.#INF00
0.497630
0.497630
0.497630
0.497630
0.497630
0.497630
0.497630
0.497630
0.497630
0.497630
1.#INF00
0.499640
0.499640
0.499640
0.499640
0.499640
0.499640
0.499640
0.499640
0.499640
0.499640
1.#INF00
0.501649
0.501649
0.501649
0.501649
0.501649
0.501649
0.501649
0.501649
0.501649
0.501649
1.#INF00
0.503659
0.503659
0.503659
0.503659
0.503659
0.503659
0.503659
0.503659
0.503659
0.503659
1.#INF00
0.505668
0.505668
0.505668
0.505668
0.505668
0.505668
0.505668
0.505668
0.505668
0.505668
1.#INF00
0.507678
0.507678
0.507678
0.507678
0.507678
0.507678
0.507678
0.507678
0.507678
0.507678
1.#INF00
0.509687
0.509687
0.509687
0.509687
0.509687
0.509687
0.509687
0.509687
0.509687
0.509687
1.#INF00
0.511697
0.511697
0.511697
0.511697
0.511697
0.511697
0.511697
0.511697
0.511697
0.511697
1.#INF00
