0.000000
0.000000
0.000000
0.000000
0.000000
0.000000
0.000000
0.000000
0.000000
0.000000
1.#INF00
0.006846
0.006846
0.006846
0.006846
0.006846
0.006846
0.006846
0.006846
0.006846
0.006846
1.#INF00
0.013692
0.013692
0.013692
0.013692
0.013692
0.013692
0.013692
0.013692
0.013692
0.013692
1.#INF00
0.020537
0.020537
0.020537
0.020537
0.020537
0.020537
0.020537
0.020537
0.020537
0.020537
1.#INF00
0.027382
0.027382
0.027382
0.027382
0.027382
0.027382
0.027382
0.027382
0.027382
0.027382
1.#INF00
0.034227
0.034227
0.034227
0.034227
0.034227
0.034227
0.034227
0.034227
0.034227
0.034227
1.#INF00
0.041071
0.041071
0.041071
0.041071
0.041071
0.041071
0.041071
0.041071
0.041071
0.041071
1.#INF00
0.047914
0.047914
0.047914
0.047914
0.047914
0.047914
0.047914
0.047914
0.047914
0.047914
1.#INF00
0.054757
0.054757
0.054757
0.054757
0.054757
0.054757
0.054757
0.054757
0.054757
0.054757
1.#INF00
0.061600
0.061600
0.061600
0.061600
0.061600
0.061600
0.061600
0.061600
0.061600
0.061600
1.#INF00
0.068442
0.068442
0.068442
0.068442
0.068442
0.068442
0.068442
0.068442
0.068442
0.068442
1.#INF00
0.075284
0.075284
0.075284
0.075284
0.075284
0.075284
0.075284
0.075284
0.075284
0.075284
1.#INF00
0.082125
0.082125
0.082125
0.082125
0.082125
0.082125
0.082125
0.082125
0.082125
0.082125
1.#INF00
0.088965
0.088965
0.088965
0.088965
0.088965
0.088965
0.088965
0.088965
0.088965
0.088965
1.#INF00
0.095806
0.095806
0.095806
0.095806
0.095806
0.095806
0.095806
0.095806
0.095806
0.095806
1.#INF00
0.102645
0.102645
0.102645
0.102645
0.102645
0.102645
0.102645
0.102645
0.102645
0.102645
1.#INF00
0.109485
0.109485
0.109485
0.109485
0.109485
0.109485
0.109485
0.109485
0.109485
0.109485
1.#INF00
0.116323
0.116323
0.116323
0.116323
0.116323
0.116323
0.116323
0.116323
0.116323
0.116323
1.#INF00
0.123162
0.123162
0.123162
0.123162
0.123162
0.123162
0.123162
0.123162
0.123162
0.123162
1.#INF00
0.130000
0.130000
0.130000
0.130000
0.130000
0.130000
0.130000
0.130000
0.130000
0.130000
1.#INF00
0.136837
0.136837
0.136837
0.136837
0.136837
0.136837
0.136837
0.136837
0.136837
0.136837
1.#INF00
0.143674
0.143674
0.143674
0.143674
0.143674
0.143674
0.143674
0.143674
0.143674
0.143674
1.#INF00
0.150510
0.150510
0.150510
0.150510
0.150510
0.150510
0.150510
0.150510
0.150510
0.150510
1.#INF00
0.157346
0.157346
0.157346
0.157346
0.157346
0.157346
0.157346
0.157346
0.157346
0.157346
1.#INF00
0.164182
0.164182
0.164182
0.164182
0.164182
0.164182
0.164182
0.164182
0.164182
0.164182
1.#INF00
0.171017
0.171017
0.171017
0.171017
0.171017
0.171017
0.171017
0.171017
0.171017
0.171017
1.#INF00
0.177852
0.177852
0.177852
0.177852
0.177852
0.177852
0.177852
0.177852
0.177852
0.177852
1.#INF00
0.184686
0.184686
0.184686
0.184686
0.184686
0.184686
0.184686
0.184686
0.184686
0.184686
1.#INF00
0.191519
0.191519
0.191519
0.191519
0.191519
0.191519
0.191519
0.191519
0.191519
0.191519
1.#INF00
0.198353
0.198353
0.198353
0.198353
0.198353
0.198353
0.198353
0.198353
0.198353
0.198353
1.#INF00
0.205185
0.205185
0.205185
0.205185
0.205185
0.205185
0.205185
0.205185
0.205185
0.205185
1.#INF00
0.212017
0.212017
0.212017
0.212017
0.212017
0.212017
0.212017
0.212017
0.212017
0.212017
1.#INF00
0.218849
0.218849
0.218849
0.218849
0.218849
0.218849
0.218849
0.218849
0.218849
0.218849
1.#INF00
0.225681
0.225681
0.225681
0.225681
0.225681
0.225681
0.225681
0.225681
0.225681
0.225681
1.#INF00
0.232511
0.232511
0.232511
0.232511
0.232511
0.232511
0.232511
0.232511
0.232511
0.232511
1.#INF00
0.239342
0.239342
0.239342
0.239342
0.239342
0.239342
0.239342
0.239342
0.239342
0.239342
1.#INF00
0.246172
0.246172
0.246172
0.246172
0.246172
0.246172
0.246172
0.246172
0.246172
0.246172
1.#INF00
0.253001
0.253001
0.253001
0.253001
0.253001
0.253001
0.253001
0.253001
0.253001
0.253001
1.#INF00
0.259830
0.259830
0.259830
0.259830
0.259830
0.259830
0.259830
0.259830
0.259830
0.259830
1.#INF00
0.266659
0.266659
0.266659
0.266659
0.266659
0.266659
0.266659
0.266659
0.266659
0.266659
1.#INF00
0.273487
0.273487
0.273487
0.273487
0.273487
0.273487
0.273487
0.273487
0.273487
0.273487
1.#INF00
0.280314
0.280314
0.280314
0.280314
0.280314
0.280314
0.280314
0.280314
0.280314
0.280314
1.#INF00
0.287141
0.287141
0.287141
0.287141
0.287141
0.287141
0.287141
0.287141
0.287141
0.287141
1.#INF00
0.293968
0.293968
0.293968
0.293968
0.293968
0.293968
0.293968
0.293968
0.293968
0.293968
1.#INF00
0.300794
0.300794
0.300794
0.300794
0.300794
0.300794
0.300794
0.300794
0.300794
0.300794
1.#INF00
0.307620
0.307620
0.307620
0.307620
0.307620
0.307620
0.307620
0.307620
0.307620
0.307620
1.#INF00
0.314445
0.314445
0.314445
0.314445
0.314445
0.314445
0.314445
0.314445
0.314445
0.314445
1.#INF00
0.321270
0.321270
0.321270
0.321270
0.321270
0.321270
0.321270
0.321270
0.321270
0.321270
1.#INF00
0.328094
0.328094
0.328094
0.328094
0.328094
0.328094
0.328094
0.328094
0.328094
0.328094
1.#INF00
0.334918
0.334918
0.334918
0.334918
0.334918
0.334918
0.334918
0.334918
0.334918
0.334918
1.#INF00
0.341741
0.341741
0.341741
0.341741
0.341741
0.341741
0.341741
0.341741
0.341741
0.341741
1.#INF00
0.348564
0.348564
0.348564
0.348564
0.348564
0.348564
0.348564
0.348564
0.348564
0.348564
1.#INF00
0.355387
0.355387
0.355387
0.355387
0.355387
0.355387
0.355387
0.355387
0.355387
0.355387
1.#INF00
0.362209
0.362209
0.362209
0.362209
0.362209
0.362209
0.362209
0.362209
0.362209
0.362209
1.#INF00
0.369030
0.369030
0.369030
0.369030
0.369030
0.369030
0.369030
0.369030
0.369030
0.369030
1.#INF00
0.375851
0.375851
0.375851
0.375851
0.375851
0.375851
0.375851
0.375851
0.375851
0.375851
1.#INF00
0.382672
0.382672
0.382672
0.382672
0.382672
0.382672
0.382672
0.382672
0.382672
0.382672
1.#INF00
0.389492
0.389492
0.389492
0.389492
0.389492
0.389492
0.389492
0.389492
0.389492
0.389492
1.#INF00
0.396312
0.396312
0.396312
0.396312
0.396312
0.396312
0.396312
0.396312
0.396312
0.396312
1.#INF00
0.403131
0.403131
0.403131
0.403131
0.403131
0.403131
0.403131
0.403131
0.403131
0.403131
1.#INF00
0.409949
0.409949
0.409949
0.409949
0.409949
0.409949
0.409949
0.409949
0.409949
0.409949
1.#INF00
0.416768
0.416768
0.416768
0.416768
0.416768
0.416768
0.416768
0.416768
0.416768
0.416768
1.#INF00
0.423585
0.423585
0.423585
0.423585
0.423585
0.423585
0.423585
0.423585
0.423585
0.423585
1.#INF00
0.430403
0.430403
0.430403
0.430403
0.430403
0.430403
0.430403
0.430403
0.430403
0.430403
1.#INF00
0.437220
0.437220
0.437220
0.437220
0.437220
0.437220
0.437220
0.437220
0.437220
0.437220
1.#INF00
0.444036
0.444036
0.444036
0.444036
0.444036
0.444036
0.444036
0.444036
0.444036
0.444036
1.#INF00
0.450852
0.450852
0.450852
0.450852
0.450852
0.450852
0.450852
0.450852
0.450852
0.450852
1.#INF00
0.457667
0.457667
0.457667
0.457667
0.457667
0.457667
0.457667
0.457667
0.457667
0.457667
1.#INF00
0.464482
0.464482
0.464482
0.464482
0.464482
0.464482
0.464482
0.464482
0.464482
0.464482
1.#INF00
0.471297
0.471297
0.471297
0.471297
0.471297
0.471297
0.471297
0.471297
0.471297
0.471297
1.#INF00
0.478111
0.478111
0.478111
0.478111
0.478111
0.478111
0.478111
0.478111
0.478111
0.478111
1.#INF00
0.484924
0.484924
0.484924
0.484924
0.484924
0.484924
0.484924
0.484924
0.484924
0.484924
1.#INF00
0.491737
0.491737
0.491737
0.491737
0.491737
0.491737
0.491737
0.491737
0.491737
0.491737
1.#INF00
0.498550
0.498550
0.498550
0.498550
0.498550
0.498550
0.498550
0.498550
0.498550
0.498550
1.#INF00
0.505362
0.505362
0.505362
0.505362
0.505362
0.505362
0.505362
0.505362
0.505362
0.505362
1.#INF00
0.512174
0.512174
0.512174
0.512174
0.512174
0.512174
0.512174
0.512174
0.512174
0.512174
1.#INF00
0.518985
0.518985
0.518985
0.518985
0.518985
0.518985
0.518985
0.518985
0.518985
0.518985
1.#INF00
0.525796
0.525796
0.525796
0.525796
0.525796
0.525796
0.525796
0.525796
0.525796
0.525796
1.#INF00
0.532606
0.532606
0.532606
0.532606
0.532606
0.532606
0.532606
0.532606
0.532606
0.532606
1.#INF00
0.539416
0.539416
0.539416
0.539416
0.539416
0.539416
0.539416
0.539416
0.539416
0.539416
1.#INF00
0.546226
0.546226
0.546226
0.546226
0.546226
0.546226
0.546226
0.546226
0.546226
0.546226
1.#INF00
0.553034
0.553034
0.553034
0.553034
0.553034
0.553034
0.553034
0.553034
0.553034
0.553034
1.#INF00
0.559843
0.559843
0.559843
0.559843
0.559843
0.559843
0.559843
0.559843
0.559843
0.559843
1.#INF00
0.566651
0.566651
0.566651
0.566651
0.566651
0.566651
0.566651
0.566651
0.566651
0.566651
1.#INF00
0.573458
0.573458
0.573458
0.573458
0.573458
0.573458
0.573458
0.573458
0.573458
0.573458
1.#INF00
0.580265
0.580265
0.580265
0.580265
0.580265
0.580265
0.580265
0.580265
0.580265
0.580265
1.#INF00
0.587072
0.587072
0.587072
0.587072
0.587072
0.587072
0.587072
0.587072
0.587072
0.587072
1.#INF00
0.593878
0.593878
0.593878
0.593878
0.593878
0.593878
0.593878
0.593878
0.593878
0.593878
1.#INF00
0.600684
0.600684
0.600684
0.600684
0.600684
0.600684
0.600684
0.600684
0.600684
0.600684
1.#INF00
0.607489
0.607489
0.607489
0.607489
0.607489
0.607489
0.607489
0.607489
0.607489
0.607489
1.#INF00
0.614294
0.614294
0.614294
0.614294
0.614294
0.614294
0.614294
0.614294
0.614294
0.614294
1.#INF00
0.621098
0.621098
0.621098
0.621098
0.621098
0.621098
0.621098
0.621098
0.621098
0.621098
1.#INF00
0.627902
0.627902
0.627902
0.627902
0.627902
0.627902
0.627902
0.627902
0.627902
0.627902
1.#INF00
0.634705
0.634705
0.634705
0.634705
0.634705
0.634705
0.634705
0.634705
0.634705
0.634705
1.#INF00
0.641508
0.641508
0.641508
0.641508
0.641508
0.641508
0.641508
0.641508
0.641508
0.641508
1.#INF00
0.648310
0.648310
0.648310
0.648310
0.648310
0.648310
0.648310
0.648310
0.648310
0.648310
1.#INF00
0.655112
0.655112
0.655112
0.655112
0.655112
0.655112
0.655112
0.655112
0.655112
0.655112
1.#INF00
0.661913
0.661913
0.661913
0.661913
0.661913
0.661913
0.661913
0.661913
0.661913
0.661913
1.#INF00
0.668714
0.668714
0.668714
0.668714
0.668714
0.668714
0.668714
0.668714
0.668714
0.668714
1.#INF00
0.675515
0.675515
0.675515
0.675515
0.675515
0.675515
0.675515
0.675515
0.675515
0.675515
1.#INF00
0.682315
0.682315
0.682315
0.682315
0.682315
0.682315
0.682315
0.682315
0.682315
0.682315
1.#INF00
0.689115
0.689115
0.689115
0.689115
0.689115
0.689115
0.689115
0.689115
0.689115
0.689115
1.#INF00
0.695914
0.695914
0.695914
0.695914
0.695914
0.695914
0.695914
0.695914
0.695914
0.695914
1.#INF00
0.702712
0.702712
0.702712
0.702712
0.702712
0.702712
0.702712
0.702712
0.702712
0.702712
1.#INF00
0.709511
0.709511
0.709511
0.709511
0.709511
0.709511
0.709511
0.709511
0.709511
0.709511
1.#INF00
0.716308
0.716308
0.716308
0.716308
0.716308
0.716308
0.716308
0.716308
0.716308
0.716308
1.#INF00
0.723106
0.723106
0.723106
0.723106
0.723106
0.723106
0.723106
0.723106
0.723106
0.723106
1.#INF00
0.729902
0.729902
0.729902
0.729902
0.729902
0.729902
0.729902
0.729902
0.729902
0.729902
1.#INF00
0.736699
0.736699
0.736699
0.736699
0.736699
0.736699
0.736699
0.736699
0.736699
0.736699
1.#INF00
0.743495
0.743495
0.743495
0.743495
0.743495
0.743495
0.743495
0.743495
0.743495
0.743495
1.#INF00
0.750290
0.750290
0.750290
0.750290
0.750290
0.750290
0.750290
0.750290
0.750290
0.750290
1.#INF00
0.757085
0.757085
0.757085
0.757085
0.757085
0.757085
0.757085
0.757085
0.757085
0.757085
1.#INF00
0.763879
0.763879
0.763879
0.763879
0.763879
0.763879
0.763879
0.763879
0.763879
0.763879
1.#INF00
0.770673
0.770673
0.770673
0.770673
0.770673
0.770673
0.770673
0.770673
0.770673
0.770673
1.#INF00
0.777467
0.777467
0.777467
0.777467
0.777467
0.777467
0.777467
0.777467
0.777467
0.777467
1.#INF00
0.784260
0.784260
0.784260
0.784260
0.784260
0.784260
0.784260
0.784260
0.784260
0.784260
1.#INF00
0.791053
0.791053
0.791053
0.791053
0.791053
0.791053
0.791053
0.791053
0.791053
0.791053
1.#INF00
0.797845
0.797845
0.797845
0.797845
0.797845
0.797845
0.797845
0.797845
0.797845
0.797845
1.#INF00
0.804636
0.804636
0.804636
0.804636
0.804636
0.804636
0.804636
0.804636
0.804636
0.804636
1.#INF00
0.811428
0.811428
0.811428
0.811428
0.811428
0.811428
0.811428
0.811428
0.811428
0.811428
1.#INF00
0.818218
0.818218
0.818218
0.818218
0.818218
0.818218
0.818218
0.818218
0.818218
0.818218
1.#INF00
0.825009
0.825009
0.825009
0.825009
0.825009
0.825009
0.825009
0.825009
0.825009
0.825009
1.#INF00
0.831798
0.831798
0.831798
0.831798
0.831798
0.831798
0.831798
0.831798
0.831798
0.831798
1.#INF00
0.838588
0.838588
0.838588
0.838588
0.838588
0.838588
0.838588
0.838588
0.838588
0.838588
1.#INF00
0.845377
0.845377
0.845377
0.845377
0.845377
0.845377
0.845377
0.845377
0.845377
0.845377
1.#INF00
0.852165
0.852165
0.852165
0.852165
0.852165
0.852165
0.852165
0.852165
0.852165
0.852165
1.#INF00
0.858953
0.858953
0.858953
0.858953
0.858953
0.858953
0.858953
0.858953
0.858953
0.858953
1.#INF00
0.865741
0.865741
0.865741
0.865741
0.865741
0.865741
0.865741
0.865741
0.865741
0.865741
1.#INF00
0.872528
0.872528
0.872528
0.872528
0.872528
0.872528
0.872528
0.872528
0.872528
0.872528
1.#INF00
0.879314
0.879314
0.879314
0.879314
0.879314
0.879314
0.879314
0.879314
0.879314
0.879314
1.#INF00
0.886100
0.886100
0.886100
0.886100
0.886100
0.886100
0.886100
0.886100
0.886100
0.886100
1.#INF00
0.892886
0.892886
0.892886
0.892886
0.892886
0.892886
0.892886
0.892886
0.892886
0.892886
1.#INF00
0.899671
0.899671
0.899671
0.899671
0.899671
0.899671
0.899671
0.899671
0.899671
0.899671
1.#INF00
0.906456
0.906456
0.906456
0.906456
0.906456
0.906456
0.906456
0.906456
0.906456
0.906456
1.#INF00
0.913240
0.913240
0.913240
0.913240
0.913240
0.913240
0.913240
0.913240
0.913240
0.913240
1.#INF00
0.920024
0.920024
0.920024
0.920024
0.920024
0.920024
0.920024
0.920024
0.920024
0.920024
1.#INF00
0.926807
0.926807
0.926807
0.926807
0.926807
0.926807
0.926807
0.926807
0.926807
0.926807
1.#INF00
0.933590
0.933590
0.933590
0.933590
0.933590
0.933590
0.933590
0.933590
0.933590
0.933590
1.#INF00
0.940372
0.940372
0.940372
0.940372
0.940372
0.940372
0.940372
0.940372
0.940372
0.940372
1.#INF00
0.947154
0.947154
0.947154
0.947154
0.947154
0.947154
0.947154
0.947154
0.947154
0.947154
1.#INF00
0.953936
0.953936
0.953936
0.953936
0.953936
0.953936
0.953936
0.953936
0.953936
0.953936
1.#INF00
0.960717
0.960717
0.960717
0.960717
0.960717
0.960717
0.960717
0.960717
0.960717
0.960717
1.#INF00
0.967497
0.967497
0.967497
0.967497
0.967497
0.967497
0.967497
0.967497
0.967497
0.967497
1.#INF00
0.974277
0.974277
0.974277
0.974277
0.974277
0.974277
0.974277
0.974277
0.974277
0.974277
1.#INF00
0.981057
0.981057
0.981057
0.981057
0.981057
0.981057
0.981057
0.981057
0.981057
0.981057
1.#INF00
0.987836
0.987836
0.987836
0.987836
0.987836
0.987836
0.987836
0.987836
0.987836
0.987836
1.#INF00
0.994615
0.994615
0.994615
0.994615
0.994615
0.994615
0.994615
0.994615
0.994615
0.994615
1.#INF00
1.001393
1.001393
1.001393
1.001393
1.001393
1.001393
1.001393
1.001393
1.001393
1.001393
1.#INF00
1.008171
1.008171
1.008171
1.008171
1.008171
1.008171
1.008171
1.008171
1.008171
1.008171
1.#INF00
1.014948
1.014948
1.014948
1.014948
1.014948
1.014948
1.014948
1.014948
1.014948
1.014948
1.#INF00
1.021725
1.021725
1.021725
1.021725
1.021725
1.021725
1.021725
1.021725
1.021725
1.021725
1.#INF00
1.028501
1.028501
1.028501
1.028501
1.028501
1.028501
1.028501
1.028501
1.028501
1.028501
1.#INF00
1.035277
1.035277
1.035277
1.035277
1.035277
1.035277
1.035277
1.035277
1.035277
1.035277
1.#INF00
1.042052
1.042052
1.042052
1.042052
1.042052
1.042052
1.042052
1.042052
1.042052
1.042052
1.#INF00
1.048827
1.048827
1.048827
1.048827
1.048827
1.048827
1.048827
1.048827
1.048827
1.048827
1.#INF00
1.055602
1.055602
1.055602
1.055602
1.055602
1.055602
1.055602
1.055602
1.055602
1.055602
1.#INF00
1.062376
1.062376
1.062376
1.062376
1.062376
1.062376
1.062376
1.062376
1.062376
1.062376
1.#INF00
1.069149
1.069149
1.069149
1.069149
1.069149
1.069149
1.069149
1.069149
1.069149
1.069149
1.#INF00
1.075923
1.075923
1.075923
1.075923
1.075923
1.075923
1.075923
1.075923
1.075923
1.075923
1.#INF00
1.082695
1.082695
1.082695
1.082695
1.082695
1.082695
1.082695
1.082695
1.082695
1.082695
1.#INF00
1.089467
1.089467
1.089467
1.089467
1.089467
1.089467
1.089467
1.089467
1.089467
1.089467
1.#INF00
1.096239
1.096239
1.096239
1.096239
1.096239
1.096239
1.096239
1.096239
1.096239
1.096239
1.#INF00
1.103010
1.103010
1.103010
1.103010
1.103010
1.103010
1.103010
1.103010
1.103010
1.103010
1.#INF00
1.109781
1.109781
1.109781
1.109781
1.109781
1.109781
1.109781
1.109781
1.109781
1.109781
1.#INF00
1.116551
1.116551
1.116551
1.116551
1.116551
1.116551
1.116551
1.116551
1.116551
1.116551
1.#INF00
1.123321
1.123321
1.123321
1.123321
1.123321
1.123321
1.123321
1.123321
1.123321
1.123321
1.#INF00
1.130091
1.130091
1.130091
1.130091
1.130091
1.130091
1.130091
1.130091
1.130091
1.130091
1.#INF00
1.136860
1.136860
1.136860
1.136860
1.136860
1.136860
1.136860
1.136860
1.136860
1.136860
1.#INF00
1.143628
1.143628
1.143628
1.143628
1.143628
1.143628
1.143628
1.143628
1.143628
1.143628
1.#INF00
1.150396
1.150396
1.150396
1.150396
1.150396
1.150396
1.150396
1.150396
1.150396
1.150396
1.#INF00
1.157164
1.157164
1.157164
1.157164
1.157164
1.157164
1.157164
1.157164
1.157164
1.157164
1.#INF00
1.163931
1.163931
1.163931
1.163931
1.163931
1.163931
1.163931
1.163931
1.163931
1.163931
1.#INF00
1.170697
1.170697
1.170697
1.170697
1.170697
1.170697
1.170697
1.170697
1.170697
1.170697
1.#INF00
1.177463
1.177463
1.177463
1.177463
1.177463
1.177463
1.177463
1.177463
1.177463
1.177463
1.#INF00
1.184229
1.184229
1.184229
1.184229
1.184229
1.184229
1.184229
1.184229
1.184229
1.184229
1.#INF00
1.190994
1.190994
1.190994
1.190994
1.190994
1.190994
1.190994
1.190994
1.190994
1.190994
1.#INF00
1.197759
1.197759
1.197759
1.197759
1.197759
1.197759
1.197759
1.197759
1.197759
1.197759
1.#INF00
1.204523
1.204523
1.204523
1.204523
1.204523
1.204523
1.204523
1.204523
1.204523
1.204523
1.#INF00
1.211287
1.211287
1.211287
1.211287
1.211287
1.211287
1.211287
1.211287
1.211287
1.211287
1.#INF00
1.218051
1.218051
1.218051
1.218051
1.218051
1.218051
1.218051
1.218051
1.218051
1.218051
1.#INF00
1.224814
1.224814
1.224814
1.224814
1.224814
1.224814
1.224814
1.224814
1.224814
1.224814
1.#INF00
1.231576
1.231576
1.231576
1.231576
1.231576
1.231576
1.231576
1.231576
1.231576
1.231576
1.#INF00
1.238338
1.238338
1.238338
1.238338
1.238338
1.238338
1.238338
1.238338
1.238338
1.238338
1.#INF00
1.245100
1.245100
1.245100
1.245100
1.245100
1.245100
1.245100
1.245100
1.245100
1.245100
1.#INF00
1.251861
1.251861
1.251861
1.251861
1.251861
1.251861
1.251861
1.251861
1.251861
1.251861
1.#INF00
1.258621
1.258621
1.258621
1.258621
1.258621
1.258621
1.258621
1.258621
1.258621
1.258621
1.#INF00
1.265381
1.265381
1.265381
1.265381
1.265381
1.265381
1.265381
1.265381
1.265381
1.265381
1.#INF00
1.272141
1.272141
1.272141
1.272141
1.272141
1.272141
1.272141
1.272141
1.272141
1.272141
1.#INF00
1.278900
1.278900
1.278900
1.278900
1.278900
1.278900
1.278900
1.278900
1.278900
1.278900
1.#INF00
1.285659
1.285659
1.285659
1.285659
1.285659
1.285659
1.285659
1.285659
1.285659
1.285659
1.#INF00
1.292417
1.292417
1.292417
1.292417
1.292417
1.292417
1.292417
1.292417
1.292417
1.292417
1.#INF00
1.299175
1.299175
1.299175
1.299175
1.299175
1.299175
1.299175
1.299175
1.299175
1.299175
1.#INF00
1.305932
1.305932
1.305932
1.305932
1.305932
1.305932
1.305932
1.305932
1.305932
1.305932
1.#INF00
1.312689
1.312689
1.312689
1.312689
1.312689
1.312689
1.312689
1.312689
1.312689
1.312689
1.#INF00
1.319446
1.319446
1.319446
1.319446
1.319446
1.319446
1.319446
1.319446
1.319446
1.319446
1.#INF00
1.326202
1.326202
1.326202
1.326202
1.326202
1.326202
1.326202
1.326202
1.326202
1.326202
1.#INF00
1.332957
1.332957
1.332957
1.332957
1.332957
1.332957
1.332957
1.332957
1.332957
1.332957
1.#INF00
1.339712
1.339712
1.339712
1.339712
1.339712
1.339712
1.339712
1.339712
1.339712
1.339712
1.#INF00
1.346467
1.346467
1.346467
1.346467
1.346467
1.346467
1.346467
1.346467
1.346467
1.346467
1.#INF00
1.353221
1.353221
1.353221
1.353221
1.353221
1.353221
1.353221
1.353221
1.353221
1.353221
1.#INF00
1.359975
1.359975
1.359975
1.359975
1.359975
1.359975
1.359975
1.359975
1.359975
1.359975
1.#INF00
1.366728
1.366728
1.366728
1.366728
1.366728
1.366728
1.366728
1.366728
1.366728
1.366728
1.#INF00
1.373480
1.373480
1.373480
1.373480
1.373480
1.373480
1.373480
1.373480
1.373480
1.373480
1.#INF00
1.380233
1.380233
1.380233
1.380233
1.380233
1.380233
1.380233
1.380233
1.380233
1.380233
1.#INF00
1.386985
1.386985
1.386985
1.386985
1.386985
1.386985
1.386985
1.386985
1.386985
1.386985
1.#INF00
1.393736
1.393736
1.393736
1.393736
1.393736
1.393736
1.393736
1.393736
1.393736
1.393736
1.#INF00
1.400487
1.400487
1.400487
1.400487
1.400487
1.400487
1.400487
1.400487
1.400487
1.400487
1.#INF00
1.407237
1.407237
1.407237
1.407237
1.407237
1.407237
1.407237
1.407237
1.407237
1.407237
1.#INF00
1.413987
1.413987
1.413987
1.413987
1.413987
1.413987
1.413987
1.413987
1.413987
1.413987
1.#INF00
1.420737
1.420737
1.420737
1.420737
1.420737
1.420737
1.420737
1.420737
1.420737
1.420737
1.#INF00
1.427486
1.427486
1.427486
1.427486
1.427486
1.427486
1.427486
1.427486
1.427486
1.427486
1.#INF00
1.434234
1.434234
1.434234
1.434234
1.434234
1.434234
1.434234
1.434234
1.434234
1.434234
1.#INF00
1.440982
1.440982
1.440982
1.440982
1.440982
1.440982
1.440982
1.440982
1.440982
1.440982
1.#INF00
1.447730
1.447730
1.447730
1.447730
1.447730
1.447730
1.447730
1.447730
1.447730
1.447730
1.#INF00
1.454477
1.454477
1.454477
1.454477
1.454477
1.454477
1.454477
1.454477
1.454477
1.454477
1.#INF00
1.461224
1.461224
1.461224
1.461224
1.461224
1.461224
1.461224
1.461224
1.461224
1.461224
1.#INF00
1.467970
1.467970
1.467970
1.467970
1.467970
1.467970
1.467970
1.467970
1.467970
1.467970
1.#INF00
1.474716
1.474716
1.474716
1.474716
1.474716
1.474716
1.474716
1.474716
1.474716
1.474716
1.#INF00
1.481461
1.481461
1.481461
1.481461
1.481461
1.481461
1.481461
1.481461
1.481461
1.481461
1.#INF00
1.488206
1.488206
1.488206
1.488206
1.488206
1.488206
1.488206
1.488206
1.488206
1.488206
1.#INF00
1.494951
1.494951
1.494951
1.494951
1.494951
1.494951
1.494951
1.494951
1.494951
1.494951
1.#INF00
1.501695
1.501695
1.501695
1.501695
1.501695
1.501695
1.501695
1.501695
1.501695
1.501695
1.#INF00
1.508438
1.508438
1.508438
1.508438
1.508438
1.508438
1.508438
1.508438
1.508438
1.508438
1.#INF00
1.515181
1.515181
1.515181
1.515181
1.515181
1.515181
1.515181
1.515181
1.515181
1.515181
1.#INF00
1.521924
1.521924
1.521924
1.521924
1.521924
1.521924
1.521924
1.521924
1.521924
1.521924
1.#INF00
1.528666
1.528666
1.528666
1.528666
1.528666
1.528666
1.528666
1.528666
1.528666
1.528666
1.#INF00
1.535407
1.535407
1.535407
1.535407
1.535407
1.535407
1.535407
1.535407
1.535407
1.535407
1.#INF00
1.542149
1.542149
1.542149
1.542149
1.542149
1.542149
1.542149
1.542149
1.542149
1.542149
1.#INF00
1.548889
1.548889
1.548889
1.548889
1.548889
1.548889
1.548889
1.548889
1.548889
1.548889
1.#INF00
1.555630
1.555630
1.555630
1.555630
1.555630
1.555630
1.555630
1.555630
1.555630
1.555630
1.#INF00
1.562369
1.562369
1.562369
1.562369
1.562369
1.562369
1.562369
1.562369
1.562369
1.562369
1.#INF00
1.569109
1.569109
1.569109
1.569109
1.569109
1.569109
1.569109
1.569109
1.569109
1.569109
1.#INF00
1.575848
1.575848
1.575848
1.575848
1.575848
1.575848
1.575848
1.575848
1.575848
1.575848
1.#INF00
1.582586
1.582586
1.582586
1.582586
1.582586
1.582586
1.582586
1.582586
1.582586
1.582586
1.#INF00
1.589324
1.589324
1.589324
1.589324
1.589324
1.589324
1.589324
1.589324
1.589324
1.589324
1.#INF00
1.596061
1.596061
1.596061
1.596061
1.596061
1.596061
1.596061
1.596061
1.596061
1.596061
1.#INF00
1.602798
1.602798
1.602798
1.602798
1.602798
1.602798
1.602798
1.602798
1.602798
1.602798
1.#INF00
1.609535
1.609535
1.609535
1.609535
1.609535
1.609535
1.609535
1.609535
1.609535
1.609535
1.#INF00
1.616271
1.616271
1.616271
1.616271
1.616271
1.616271
1.616271
1.616271
1.616271
1.616271
1.#INF00
1.623007
1.623007
1.623007
1.623007
1.623007
1.623007
1.623007
1.623007
1.623007
1.623007
1.#INF00
1.629742
1.629742
1.629742
1.629742
1.629742
1.629742
1.629742
1.629742
1.629742
1.629742
1.#INF00
1.636477
1.636477
1.636477
1.636477
1.636477
1.636477
1.636477
1.636477
1.636477
1.636477
1.#INF00
1.643211
1.643211
1.643211
1.643211
1.643211
1.643211
1.643211
1.643211
1.643211
1.643211
1.#INF00
1.649945
1.649945
1.649945
1.649945
1.649945
1.649945
1.649945
1.649945
1.649945
1.649945
1.#INF00
1.656678
1.656678
1.656678
1.656678
1.656678
1.656678
1.656678
1.656678
1.656678
1.656678
1.#INF00
1.663411
1.663411
1.663411
1.663411
1.663411
1.663411
1.663411
1.663411
1.663411
1.663411
1.#INF00
1.670143
1.670143
1.670143
1.670143
1.670143
1.670143
1.670143
1.670143
1.670143
1.670143
1.#INF00
1.676875
1.676875
1.676875
1.676875
1.676875
1.676875
1.676875
1.676875
1.676875
1.676875
1.#INF00
1.683607
1.683607
1.683607
1.683607
1.683607
1.683607
1.683607
1.683607
1.683607
1.683607
1.#INF00
1.690338
1.690338
1.690338
1.690338
1.690338
1.690338
1.690338
1.690338
1.690338
1.690338
1.#INF00
1.697068
1.697068
1.697068
1.697068
1.697068
1.697068
1.697068
1.697068
1.697068
1.697068
1.#INF00
1.703799
1.703799
1.703799
1.703799
1.703799
1.703799
1.703799
1.703799
1.703799
1.703799
1.#INF00
1.710528
1.710528
1.710528
1.710528
1.710528
1.710528
1.710528
1.710528
1.710528
1.710528
1.#INF00
1.717257
1.717257
1.717257
1.717257
1.717257
1.717257
1.717257
1.717257
1.717257
1.717257
1.#INF00
1.723986
1.723986
1.723986
1.723986
1.723986
1.723986
1.723986
1.723986
1.723986
1.723986
1.#INF00
