0.000000
0.000000
0.000000
0.000000
0.000000
0.000000
0.000000
0.000000
0.000000
0.000000
0.000000
0.002855
0.002855
0.002855
0.002855
0.002855
0.002855
0.002855
0.002855
0.002855
0.002855
0.000000
0.005710
0.005710
0.005710
0.005710
0.005710
0.005710
0.005710
0.005710
0.005710
0.005710
0.000000
0.008565
0.008565
0.008565
0.008565
0.008565
0.008565
0.008565
0.008565
0.008565
0.008565
0.000000
0.011420
0.011420
0.011420
0.011420
0.011420
0.011420
0.011420
0.011420
0.011420
0.011420
0.000000
0.014275
0.014275
0.014275
0.014275
0.014275
0.014275
0.014275
0.014275
0.014275
0.014275
0.000000
0.017131
0.017131
0.017131
0.017131
0.017131
0.017131
0.017131
0.017131
0.017131
0.017131
0.000000
0.019986
0.019986
0.019986
0.019986
0.019986
0.019986
0.019986
0.019986
0.019986
0.019986
0.000000
0.022841
0.022841
0.022841
0.022841
0.022841
0.022841
0.022841
0.022841
0.022841
0.022841
0.000000
0.025697
0.025697
0.025697
0.025697
0.025697
0.025697
0.025697
0.025697
0.025697
0.025697
0.000000
0.028553
0.028553
0.028553
0.028553
0.028553
0.028553
0.028553
0.028553
0.028553
0.028553
0.000000
0.031408
0.031408
0.031408
0.031408
0.031408
0.031408
0.031408
0.031408
0.031408
0.031408
0.000000
0.034264
0.034264
0.034264
0.034264
0.034264
0.034264
0.034264
0.034264
0.034264
0.034264
0.000000
0.037120
0.037120
0.037120
0.037120
0.037120
0.037120
0.037120
0.037120
0.037120
0.037120
0.000000
0.039976
0.039976
0.039976
0.039976
0.039976
0.039976
0.039976
0.039976
0.039976
0.039976
0.000000
0.042832
0.042832
0.042832
0.042832
0.042832
0.042832
0.042832
0.042832
0.042832
0.042832
0.000000
0.045688
0.045688
0.045688
0.045688
0.045688
0.045688
0.045688
0.045688
0.045688
0.045688
0.000000
0.048544
0.048544
0.048544
0.048544
0.048544
0.048544
0.048544
0.048544
0.048544
0.048544
0.000000
0.051401
0.051401
0.051401
0.051401
0.051401
0.051401
0.051401
0.051401
0.051401
0.051401
0.000000
0.054257
0.054257
0.054257
0.054257
0.054257
0.054257
0.054257
0.054257
0.054257
0.054257
0.000000
0.057114
0.057114
0.057114
0.057114
0.057114
0.057114
0.057114
0.057114
0.057114
0.057114
0.000000
0.059970
0.059970
0.059970
0.059970
0.059970
0.059970
0.059970
0.059970
0.059970
0.059970
0.000000
0.062827
0.062827
0.062827
0.062827
0.062827
0.062827
0.062827
0.062827
0.062827
0.062827
0.000000
0.065683
0.065683
0.065683
0.065683
0.065683
0.065683
0.065683
0.065683
0.065683
0.065683
0.000000
0.068540
0.068540
0.068540
0.068540
0.068540
0.068540
0.068540
0.068540
0.068540
0.068540
0.000000
0.071397
0.071397
0.071397
0.071397
0.071397
0.071397
0.071397
0.071397
0.071397
0.071397
0.000000
0.074254
0.074254
0.074254
0.074254
0.074254
0.074254
0.074254
0.074254
0.074254
0.074254
0.000000
0.077111
0.077111
0.077111
0.077111
0.077111
0.077111
0.077111
0.077111
0.077111
0.077111
0.000000
0.079968
0.079968
0.079968
0.079968
0.079968
0.079968
0.079968
0.079968
0.079968
0.079968
0.000000
0.082825
0.082825
0.082825
0.082825
0.082825
0.082825
0.082825
0.082825
0.082825
0.082825
0.000000
0.085683
0.085683
0.085683
0.085683
0.085683
0.085683
0.085683
0.085683
0.085683
0.085683
0.000000
0.088540
0.088540
0.088540
0.088540
0.088540
0.088540
0.088540
0.088540
0.088540
0.088540
0.000000
0.091397
0.091397
0.091397
0.091397
0.091397
0.091397
0.091397
0.091397
0.091397
0.091397
0.000000
0.094255
0.094255
0.094255
0.094255
0.094255
0.094255
0.094255
0.094255
0.094255
0.094255
0.000000
0.097112
0.097112
0.097112
0.097112
0.097112
0.097112
0.097112
0.097112
0.097112
0.097112
0.000000
0.099970
0.099970
0.099970
0.099970
0.099970
0.099970
0.099970
0.099970
0.099970
0.099970
0.000000
0.102828
0.102828
0.102828
0.102828
0.102828
0.102828
0.102828
0.102828
0.102828
0.102828
0.000000
0.105686
0.105686
0.105686
0.105686
0.105686
0.105686
0.105686
0.105686
0.105686
0.105686
0.000000
0.108544
0.108544
0.108544
0.108544
0.108544
0.108544
0.108544
0.108544
0.108544
0.108544
0.000000
0.111402
0.111402
0.111402
0.111402
0.111402
0.111402
0.111402
0.111402
0.111402
0.111402
0.000000
0.114260
0.114260
0.114260
0.114260
0.114260
0.114260
0.114260
0.114260
0.114260
0.114260
0.000000
0.117118
0.117118
0.117118
0.117118
0.117118
0.117118
0.117118
0.117118
0.117118
0.117118
0.000000
0.119976
0.119976
0.119976
0.119976
0.119976
0.119976
0.119976
0.119976
0.119976
0.119976
0.000000
0.122834
0.122834
0.122834
0.122834
0.122834
0.122834
0.122834
0.122834
0.122834
0.122834
0.000000
0.125693
0.125693
0.125693
0.125693
0.125693
0.125693
0.125693
0.125693
0.125693
0.125693
0.000000
0.128551
0.128551
0.128551
0.128551
0.128551
0.128551
0.128551
0.128551
0.128551
0.128551
0.000000
0.131410
0.131410
0.131410
0.131410
0.131410
0.131410
0.131410
0.131410
0.131410
0.131410
0.000000
0.134269
0.134269
0.134269
0.134269
0.134269
0.134269
0.134269
0.134269
0.134269
0.134269
0.000000
0.137127
0.137127
0.137127
0.137127
0.137127
0.137127
0.137127
0.137127
0.137127
0.137127
0.000000
0.139986
0.139986
0.139986
0.139986
0.139986
0.139986
0.139986
0.139986
0.139986
0.139986
0.000000
0.142845
0.142845
0.142845
0.142845
0.142845
0.142845
0.142845
0.142845
0.142845
0.142845
0.000000
0.145704
0.145704
0.145704
0.145704
0.145704
0.145704
0.145704
0.145704
0.145704
0.145704
0.000000
0.148563
0.148563
0.148563
0.148563
0.148563
0.148563
0.148563
0.148563
0.148563
0.148563
0.000000
0.151422
0.151422
0.151422
0.151422
0.151422
0.151422
0.151422
0.151422
0.151422
0.151422
0.000000
0.154281
0.154281
0.154281
0.154281
0.154281
0.154281
0.154281
0.154281
0.154281
0.154281
0.000000
0.157141
0.157141
0.157141
0.157141
0.157141
0.157141
0.157141
0.157141
0.157141
0.157141
0.000000
0.160000
0.160000
0.160000
0.160000
0.160000
0.160000
0.160000
0.160000
0.160000
0.160000
0.000000
0.162860
0.162860
0.162860
0.162860
0.162860
0.162860
0.162860
0.162860
0.162860
0.162860
0.000000
0.165719
0.165719
0.165719
0.165719
0.165719
0.165719
0.165719
0.165719
0.165719
0.165719
0.000000
0.168579
0.168579
0.168579
0.168579
0.168579
0.168579
0.168579
0.168579
0.168579
0.168579
0.000000
0.171438
0.171438
0.171438
0.171438
0.171438
0.171438
0.171438
0.171438
0.171438
0.171438
0.000000
0.174298
0.174298
0.174298
0.174298
0.174298
0.174298
0.174298
0.174298
0.174298
0.174298
0.000000
0.177158
0.177158
0.177158
0.177158
0.177158
0.177158
0.177158
0.177158
0.177158
0.177158
0.000000
0.180018
0.180018
0.180018
0.180018
0.180018
0.180018
0.180018
0.180018
0.180018
0.180018
0.000000
0.182878
0.182878
0.182878
0.182878
0.182878
0.182878
0.182878
0.182878
0.182878
0.182878
0.000000
0.185738
0.185738
0.185738
0.185738
0.185738
0.185738
0.185738
0.185738
0.185738
0.185738
0.000000
0.188598
0.188598
0.188598
0.188598
0.188598
0.188598
0.188598
0.188598
0.188598
0.188598
0.000000
0.191459
0.191459
0.191459
0.191459
0.191459
0.191459
0.191459
0.191459
0.191459
0.191459
0.000000
0.194319
0.194319
0.194319
0.194319
0.194319
0.194319
0.194319
0.194319
0.194319
0.194319
0.000000
0.197180
0.197180
0.197180
0.197180
0.197180
0.197180
0.197180
0.197180
0.197180
0.197180
0.000000
0.200040
0.200040
0.200040
0.200040
0.200040
0.200040
0.200040
0.200040
0.200040
0.200040
0.000000
0.202901
0.202901
0.202901
0.202901
0.202901
0.202901
0.202901
0.202901
0.202901
0.202901
0.000000
0.205761
0.205761
0.205761
0.205761
0.205761
0.205761
0.205761
0.205761
0.205761
0.205761
0.000000
0.208622
0.208622
0.208622
0.208622
0.208622
0.208622
0.208622
0.208622
0.208622
0.208622
0.000000
0.211483
0.211483
0.211483
0.211483
0.211483
0.211483
0.211483
0.211483
0.211483
0.211483
0.000000
0.214344
0.214344
0.214344
0.214344
0.214344
0.214344
0.214344
0.214344
0.214344
0.214344
0.000000
0.217205
0.217205
0.217205
0.217205
0.217205
0.217205
0.217205
0.217205
0.217205
0.217205
0.000000
0.220066
0.220066
0.220066
0.220066
0.220066
0.220066
0.220066
0.220066
0.220066
0.220066
0.000000
0.222927
0.222927
0.222927
0.222927
0.222927
0.222927
0.222927
0.222927
0.222927
0.222927
0.000000
0.225789
0.225789
0.225789
0.225789
0.225789
0.225789
0.225789
0.225789
0.225789
0.225789
0.000000
0.228650
0.228650
0.228650
0.228650
0.228650
0.228650
0.228650
0.228650
0.228650
0.228650
0.000000
0.231511
0.231511
0.231511
0.231511
0.231511
0.231511
0.231511
0.231511
0.231511
0.231511
0.000000
0.234373
0.234373
0.234373
0.234373
0.234373
0.234373
0.234373
0.234373
0.234373
0.234373
0.000000
0.237234
0.237234
0.237234
0.237234
0.237234
0.237234
0.237234
0.237234
0.237234
0.237234
0.000000
0.240096
0.240096
0.240096
0.240096
0.240096
0.240096
0.240096
0.240096
0.240096
0.240096
0.000000
0.242958
0.242958
0.242958
0.242958
0.242958
0.242958
0.242958
0.242958
0.242958
0.242958
0.000000
0.245820
0.245820
0.245820
0.245820
0.245820
0.245820
0.245820
0.245820
0.245820
0.245820
0.000000
0.248682
0.248682
0.248682
0.248682
0.248682
0.248682
0.248682
0.248682
0.248682
0.248682
0.000000
0.251544
0.251544
0.251544
0.251544
0.251544
0.251544
0.251544
0.251544
0.251544
0.251544
0.000000
0.254406
0.254406
0.254406
0.254406
0.254406
0.254406
0.254406
0.254406
0.254406
0.254406
0.000000
0.257268
0.257268
0.257268
0.257268
0.257268
0.257268
0.257268
0.257268
0.257268
0.257268
0.000000
0.260130
0.260130
0.260130
0.260130
0.260130
0.260130
0.260130
0.260130
0.260130
0.260130
0.000000
0.262992
0.262992
0.262992
0.262992
0.262992
0.262992
0.262992
0.262992
0.262992
0.262992
0.000000
0.265855
0.265855
0.265855
0.265855
0.265855
0.265855
0.265855
0.265855
0.265855
0.265855
0.000000
0.268717
0.268717
0.268717
0.268717
0.268717
0.268717
0.268717
0.268717
0.268717
0.268717
0.000000
0.271580
0.271580
0.271580
0.271580
0.271580
0.271580
0.271580
0.271580
0.271580
0.271580
0.000000
0.274443
0.274443
0.274443
0.274443
0.274443
0.274443
0.274443
0.274443
0.274443
0.274443
0.000000
0.277305
0.277305
0.277305
0.277305
0.277305
0.277305
0.277305
0.277305
0.277305
0.277305
0.000000
0.280168
0.280168
0.280168
0.280168
0.280168
0.280168
0.280168
0.280168
0.280168
0.280168
0.000000
0.283031
0.283031
0.283031
0.283031
0.283031
0.283031
0.283031
0.283031
0.283031
0.283031
0.000000
0.285894
0.285894
0.285894
0.285894
0.285894
0.285894
0.285894
0.285894
0.285894
0.285894
0.000000
0.288757
0.288757
0.288757
0.288757
0.288757
0.288757
0.288757
0.288757
0.288757
0.288757
0.000000
0.291620
0.291620
0.291620
0.291620
0.291620
0.291620
0.291620
0.291620
0.291620
0.291620
0.000000
0.294483
0.294483
0.294483
0.294483
0.294483
0.294483
0.294483
0.294483
0.294483
0.294483
0.000000
0.297347
0.297347
0.297347
0.297347
0.297347
0.297347
0.297347
0.297347
0.297347
0.297347
0.000000
0.300210
0.300210
0.300210
0.300210
0.300210
0.300210
0.300210
0.300210
0.300210
0.300210
0.000000
0.303074
0.303074
0.303074
0.303074
0.303074
0.303074
0.303074
0.303074
0.303074
0.303074
0.000000
0.305937
0.305937
0.305937
0.305937
0.305937
0.305937
0.305937
0.305937
0.305937
0.305937
0.000000
0.308801
0.308801
0.308801
0.308801
0.308801
0.308801
0.308801
0.308801
0.308801
0.308801
0.000000
0.311665
0.311665
0.311665
0.311665
0.311665
0.311665
0.311665
0.311665
0.311665
0.311665
0.000000
0.314528
0.314528
0.314528
0.314528
0.314528
0.314528
0.314528
0.314528
0.314528
0.314528
0.000000
0.317392
0.317392
0.317392
0.317392
0.317392
0.317392
0.317392
0.317392
0.317392
0.317392
0.000000
0.320256
0.320256
0.320256
0.320256
0.320256
0.320256
0.320256
0.320256
0.320256
0.320256
0.000000
0.323120
0.323120
0.323120
0.323120
0.323120
0.323120
0.323120
0.323120
0.323120
0.323120
0.000000
0.325984
0.325984
0.325984
0.325984
0.325984
0.325984
0.325984
0.325984
0.325984
0.325984
0.000000
0.328849
0.328849
0.328849
0.328849
0.328849
0.328849
0.328849
0.328849
0.328849
0.328849
0.000000
0.331713
0.331713
0.331713
0.331713
0.331713
0.331713
0.331713
0.331713
0.331713
0.331713
0.000000
0.334577
0.334577
0.334577
0.334577
0.334577
0.334577
0.334577
0.334577
0.334577
0.334577
0.000000
0.337442
0.337442
0.337442
0.337442
0.337442
0.337442
0.337442
0.337442
0.337442
0.337442
0.000000
0.340306
0.340306
0.340306
0.340306
0.340306
0.340306
0.340306
0.340306
0.340306
0.340306
0.000000
0.343171
0.343171
0.343171
0.343171
0.343171
0.343171
0.343171
0.343171
0.343171
0.343171
0.000000
0.346036
0.346036
0.346036
0.346036
0.346036
0.346036
0.346036
0.346036
0.346036
0.346036
0.000000
0.348900
0.348900
0.348900
0.348900
0.348900
0.348900
0.348900
0.348900
0.348900
0.348900
0.000000
0.351765
0.351765
0.351765
0.351765
0.351765
0.351765
0.351765
0.351765
0.351765
0.351765
0.000000
0.354630
0.354630
0.354630
0.354630
0.354630
0.354630
0.354630
0.354630
0.354630
0.354630
0.000000
0.357495
0.357495
0.357495
0.357495
0.357495
0.357495
0.357495
0.357495
0.357495
0.357495
0.000000
0.360360
0.360360
0.360360
0.360360
0.360360
0.360360
0.360360
0.360360
0.360360
0.360360
0.000000
0.363225
0.363225
0.363225
0.363225
0.363225
0.363225
0.363225
0.363225
0.363225
0.363225
0.000000
0.366091
0.366091
0.366091
0.366091
0.366091
0.366091
0.366091
0.366091
0.366091
0.366091
0.000000
0.368956
0.368956
0.368956
0.368956
0.368956
0.368956
0.368956
0.368956
0.368956
0.368956
0.000000
0.371822
0.371822
0.371822
0.371822
0.371822
0.371822
0.371822
0.371822
0.371822
0.371822
0.000000
0.374687
0.374687
0.374687
0.374687
0.374687
0.374687
0.374687
0.374687
0.374687
0.374687
0.000000
0.377553
0.377553
0.377553
0.377553
0.377553
0.377553
0.377553
0.377553
0.377553
0.377553
0.000000
0.380418
0.380418
0.380418
0.380418
0.380418
0.380418
0.380418
0.380418
0.380418
0.380418
0.000000
0.383284
0.383284
0.383284
0.383284
0.383284
0.383284
0.383284
0.383284
0.383284
0.383284
0.000000
0.386150
0.386150
0.386150
0.386150
0.386150
0.386150
0.386150
0.386150
0.386150
0.386150
0.000000
0.389016
0.389016
0.389016
0.389016
0.389016
0.389016
0.389016
0.389016
0.389016
0.389016
0.000000
0.391882
0.391882
0.391882
0.391882
0.391882
0.391882
0.391882
0.391882
0.391882
0.391882
0.000000
0.394748
0.394748
0.394748
0.394748
0.394748
0.394748
0.394748
0.394748
0.394748
0.394748
0.000000
0.397614
0.397614
0.397614
0.397614
0.397614
0.397614
0.397614
0.397614
0.397614
0.397614
0.000000
0.400480
0.400480
0.400480
0.400480
0.400480
0.400480
0.400480
0.400480
0.400480
0.400480
0.000000
0.403347
0.403347
0.403347
0.403347
0.403347
0.403347
0.403347
0.403347
0.403347
0.403347
0.000000
0.406213
0.406213
0.406213
0.406213
0.406213
0.406213
0.406213
0.406213
0.406213
0.406213
0.000000
0.409080
0.409080
0.409080
0.409080
0.409080
0.409080
0.409080
0.409080
0.409080
0.409080
0.000000
0.411946
0.411946
0.411946
0.411946
0.411946
0.411946
0.411946
0.411946
0.411946
0.411946
0.000000
0.414813
0.414813
0.414813
0.414813
0.414813
0.414813
0.414813
0.414813
0.414813
0.414813
0.000000
0.417680
0.417680
0.417680
0.417680
0.417680
0.417680
0.417680
0.417680
0.417680
0.417680
0.000000
0.420546
0.420546
0.420546
0.420546
0.420546
0.420546
0.420546
0.420546
0.420546
0.420546
0.000000
0.423413
0.423413
0.423413
0.423413
0.423413
0.423413
0.423413
0.423413
0.423413
0.423413
0.000000
0.426280
0.426280
0.426280
0.426280
0.426280
0.426280
0.426280
0.426280
0.426280
0.426280
0.000000
0.429147
0.429147
0.429147
0.429147
0.429147
0.429147
0.429147
0.429147
0.429147
0.429147
0.000000
0.432015
0.432015
0.432015
0.432015
0.432015
0.432015
0.432015
0.432015
0.432015
0.432015
0.000000
0.434882
0.434882
0.434882
0.434882
0.434882
0.434882
0.434882
0.434882
0.434882
0.434882
0.000000
0.437749
0.437749
0.437749
0.437749
0.437749
0.437749
0.437749
0.437749
0.437749
0.437749
0.000000
0.440617
0.440617
0.440617
0.440617
0.440617
0.440617
0.440617
0.440617
0.440617
0.440617
0.000000
0.443484
0.443484
0.443484
0.443484
0.443484
0.443484
0.443484
0.443484
0.443484
0.443484
0.000000
0.446352
0.446352
0.446352
0.446352
0.446352
0.446352
0.446352
0.446352
0.446352
0.446352
0.000000
0.449219
0.449219
0.449219
0.449219
0.449219
0.449219
0.449219
0.449219
0.449219
0.449219
0.000000
0.452087
0.452087
0.452087
0.452087
0.452087
0.452087
0.452087
0.452087
0.452087
0.452087
0.000000
0.454955
0.454955
0.454955
0.454955
0.454955
0.454955
0.454955
0.454955
0.454955
0.454955
0.000000
0.457823
0.457823
0.457823
0.457823
0.457823
0.457823
0.457823
0.457823
0.457823
0.457823
0.000000
0.460691
0.460691
0.460691
0.460691
0.460691
0.460691
0.460691
0.460691
0.460691
0.460691
0.000000
0.463559
0.463559
0.463559
0.463559
0.463559
0.463559
0.463559
0.463559
0.463559
0.463559
0.000000
0.466427
0.466427
0.466427
0.466427
0.466427
0.466427
0.466427
0.466427
0.466427
0.466427
0.000000
0.469295
0.469295
0.469295
0.469295
0.469295
0.469295
0.469295
0.469295
0.469295
0.469295
0.000000
0.472163
0.472163
0.472163
0.472163
0.472163
0.472163
0.472163
0.472163
0.472163
0.472163
0.000000
0.475032
0.475032
0.475032
0.475032
0.475032
0.475032
0.475032
0.475032
0.475032
0.475032
0.000000
0.477900
0.477900
0.477900
0.477900
0.477900
0.477900
0.477900
0.477900
0.477900
0.477900
0.000000
0.480769
0.480769
0.480769
0.480769
0.480769
0.480769
0.480769
0.480769
0.480769
0.480769
0.000000
0.483637
0.483637
0.483637
0.483637
0.483637
0.483637
0.483637
0.483637
0.483637
0.483637
0.000000
0.486506
0.486506
0.486506
0.486506
0.486506
0.486506
0.486506
0.486506
0.486506
0.486506
0.000000
0.489375
0.489375
0.489375
0.489375
0.489375
0.489375
0.489375
0.489375
0.489375
0.489375
0.000000
0.492244
0.492244
0.492244
0.492244
0.492244
0.492244
0.492244
0.492244
0.492244
0.492244
0.000000
0.495113
0.495113
0.495113
0.495113
0.495113
0.495113
0.495113
0.495113
0.495113
0.495113
0.000000
0.497982
0.497982
0.497982
0.497982
0.497982
0.497982
0.497982
0.497982
0.497982
0.497982
0.000000
0.500851
0.500851
0.500851
0.500851
0.500851
0.500851
0.500851
0.500851
0.500851
0.500851
0.000000
0.503720
0.503720
0.503720
0.503720
0.503720
0.503720
0.503720
0.503720
0.503720
0.503720
0.000000
0.506589
0.506589
0.506589
0.506589
0.506589
0.506589
0.506589
0.506589
0.506589
0.506589
0.000000
0.509459
0.509459
0.509459
0.509459
0.509459
0.509459
0.509459
0.509459
0.509459
0.509459
0.000000
0.512328
0.512328
0.512328
0.512328
0.512328
0.512328
0.512328
0.512328
0.512328
0.512328
0.000000
0.515198
0.515198
0.515198
0.515198
0.515198
0.515198
0.515198
0.515198
0.515198
0.515198
0.000000
0.518067
0.518067
0.518067
0.518067
0.518067
0.518067
0.518067
0.518067
0.518067
0.518067
0.000000
0.520937
0.520937
0.520937
0.520937
0.520937
0.520937
0.520937
0.520937
0.520937
0.520937
0.000000
0.523807
0.523807
0.523807
0.523807
0.523807
0.523807
0.523807
0.523807
0.523807
0.523807
0.000000
0.526677
0.526677
0.526677
0.526677
0.526677
0.526677
0.526677
0.526677
0.526677
0.526677
0.000000
0.529546
0.529546
0.529546
0.529546
0.529546
0.529546
0.529546
0.529546
0.529546
0.529546
0.000000
0.532417
0.532417
0.532417
0.532417
0.532417
0.532417
0.532417
0.532417
0.532417
0.532417
0.000000
0.535287
0.535287
0.535287
0.535287
0.535287
0.535287
0.535287
0.535287
0.535287
0.535287
0.000000
0.538157
0.538157
0.538157
0.538157
0.538157
0.538157
0.538157
0.538157
0.538157
0.538157
0.000000
0.541027
0.541027
0.541027
0.541027
0.541027
0.541027
0.541027
0.541027
0.541027
0.541027
0.000000
0.543897
0.543897
0.543897
0.543897
0.543897
0.543897
0.543897
0.543897
0.543897
0.543897
0.000000
0.546768
0.546768
0.546768
0.546768
0.546768
0.546768
0.546768
0.546768
0.546768
0.546768
0.000000
0.549638
0.549638
0.549638
0.549638
0.549638
0.549638
0.549638
0.549638
0.549638
0.549638
0.000000
0.552509
0.552509
0.552509
0.552509
0.552509
0.552509
0.552509
0.552509
0.552509
0.552509
0.000000
0.555380
0.555380
0.555380
0.555380
0.555380
0.555380
0.555380
0.555380
0.555380
0.555380
0.000000
0.558250
0.558250
0.558250
0.558250
0.558250
0.558250
0.558250
0.558250
0.558250
0.558250
0.000000
0.561121
0.561121
0.561121
0.561121
0.561121
0.561121
0.561121
0.561121
0.561121
0.561121
0.000000
0.563992
0.563992
0.563992
0.563992
0.563992
0.563992
0.563992
0.563992
0.563992
0.563992
0.000000
0.566863
0.566863
0.566863
0.566863
0.566863
0.566863
0.566863
0.566863
0.566863
0.566863
0.000000
0.569734
0.569734
0.569734
0.569734
0.569734
0.569734
0.569734
0.569734
0.569734
0.569734
0.000000
0.572605
0.572605
0.572605
0.572605
0.572605
0.572605
0.572605
0.572605
0.572605
0.572605
0.000000
0.575477
0.575477
0.575477
0.575477
0.575477
0.575477
0.575477
0.575477
0.575477
0.575477
0.000000
0.578348
0.578348
0.578348
0.578348
0.578348
0.578348
0.578348
0.578348
0.578348
0.578348
0.000000
0.581219
0.581219
0.581219
0.581219
0.581219
0.581219
0.581219
0.581219
0.581219
0.581219
0.000000
0.584091
0.584091
0.584091
0.584091
0.584091
0.584091
0.584091
0.584091
0.584091
0.584091
0.000000
0.586962
0.586962
0.586962
0.586962
0.586962
0.586962
0.586962
0.586962
0.586962
0.586962
0.000000
0.589834
0.589834
0.589834
0.589834
0.589834
0.589834
0.589834
0.589834
0.589834
0.589834
0.000000
0.592706
0.592706
0.592706
0.592706
0.592706
0.592706
0.592706
0.592706
0.592706
0.592706
0.000000
0.595578
0.595578
0.595578
0.595578
0.595578
0.595578
0.595578
0.595578
0.595578
0.595578
0.000000
0.598450
0.598450
0.598450
0.598450
0.598450
0.598450
0.598450
0.598450
0.598450
0.598450
0.000000
0.601322
0.601322
0.601322
0.601322
0.601322
0.601322
0.601322
0.601322
0.601322
0.601322
0.000000
0.604194
0.604194
0.604194
0.604194
0.604194
0.604194
0.604194
0.604194
0.604194
0.604194
0.000000
0.607066
0.607066
0.607066
0.607066
0.607066
0.607066
0.607066
0.607066
0.607066
0.607066
0.000000
0.609938
0.609938
0.609938
0.609938
0.609938
0.609938
0.609938
0.609938
0.609938
0.609938
0.000000
0.612810
0.612810
0.612810
0.612810
0.612810
0.612810
0.612810
0.612810
0.612810
0.612810
0.000000
0.615683
0.615683
0.615683
0.615683
0.615683
0.615683
0.615683
0.615683
0.615683
0.615683
0.000000
0.618555
0.618555
0.618555
0.618555
0.618555
0.618555
0.618555
0.618555
0.618555
0.618555
0.000000
0.621428
0.621428
0.621428
0.621428
0.621428
0.621428
0.621428
0.621428
0.621428
0.621428
0.000000
0.624300
0.624300
0.624300
0.624300
0.624300
0.624300
0.624300
0.624300
0.624300
0.624300
0.000000
0.627173
0.627173
0.627173
0.627173
0.627173
0.627173
0.627173
0.627173
0.627173
0.627173
0.000000
0.630046
0.630046
0.630046
0.630046
0.630046
0.630046
0.630046
0.630046
0.630046
0.630046
0.000000
0.632919
0.632919
0.632919
0.632919
0.632919
0.632919
0.632919
0.632919
0.632919
0.632919
0.000000
0.635792
0.635792
0.635792
0.635792
0.635792
0.635792
0.635792
0.635792
0.635792
0.635792
0.000000
0.638665
0.638665
0.638665
0.638665
0.638665
0.638665
0.638665
0.638665
0.638665
0.638665
0.000000
0.641538
0.641538
0.641538
0.641538
0.641538
0.641538
0.641538
0.641538
0.641538
0.641538
0.000000
0.644411
0.644411
0.644411
0.644411
0.644411
0.644411
0.644411
0.644411
0.644411
0.644411
0.000000
0.647285
0.647285
0.647285
0.647285
0.647285
0.647285
0.647285
0.647285
0.647285
0.647285
0.000000
0.650158
0.650158
0.650158
0.650158
0.650158
0.650158
0.650158
0.650158
0.650158
0.650158
0.000000
0.653031
0.653031
0.653031
0.653031
0.653031
0.653031
0.653031
0.653031
0.653031
0.653031
0.000000
0.655905
0.655905
0.655905
0.655905
0.655905
0.655905
0.655905
0.655905
0.655905
0.655905
0.000000
0.658779
0.658779
0.658779
0.658779
0.658779
0.658779
0.658779
0.658779
0.658779
0.658779
0.000000
0.661652
0.661652
0.661652
0.661652
0.661652
0.661652
0.661652
0.661652
0.661652
0.661652
0.000000
0.664526
0.664526
0.664526
0.664526
0.664526
0.664526
0.664526
0.664526
0.664526
0.664526
0.000000
0.667400
0.667400
0.667400
0.667400
0.667400
0.667400
0.667400
0.667400
0.667400
0.667400
0.000000
0.670274
0.670274
0.670274
0.670274
0.670274
0.670274
0.670274
0.670274
0.670274
0.670274
0.000000
0.673148
0.673148
0.673148
0.673148
0.673148
0.673148
0.673148
0.673148
0.673148
0.673148
0.000000
0.676022
0.676022
0.676022
0.676022
0.676022
0.676022
0.676022
0.676022
0.676022
0.676022
0.000000
0.678896
0.678896
0.678896
0.678896
0.678896
0.678896
0.678896
0.678896
0.678896
0.678896
0.000000
0.681771
0.681771
0.681771
0.681771
0.681771
0.681771
0.681771
0.681771
0.681771
0.681771
0.000000
0.684645
0.684645
0.684645
0.684645
0.684645
0.684645
0.684645
0.684645
0.684645
0.684645
0.000000
0.687519
0.687519
0.687519
0.687519
0.687519
0.687519
0.687519
0.687519
0.687519
0.687519
0.000000
0.690394
0.690394
0.690394
0.690394
0.690394
0.690394
0.690394
0.690394
0.690394
0.690394
0.000000
0.693268
0.693268
0.693268
0.693268
0.693268
0.693268
0.693268
0.693268
0.693268
0.693268
0.000000
0.696143
0.696143
0.696143
0.696143
0.696143
0.696143
0.696143
0.696143
0.696143
0.696143
0.000000
0.699018
0.699018
0.699018
0.699018
0.699018
0.699018
0.699018
0.699018
0.699018
0.699018
0.000000
0.701893
0.701893
0.701893
0.701893
0.701893
0.701893
0.701893
0.701893
0.701893
0.701893
0.000000
0.704768
0.704768
0.704768
0.704768
0.704768
0.704768
0.704768
0.704768
0.704768
0.704768
0.000000
0.707643
0.707643
0.707643
0.707643
0.707643
0.707643
0.707643
0.707643
0.707643
0.707643
0.000000
0.710518
0.710518
0.710518
0.710518
0.710518
0.710518
0.710518
0.710518
0.710518
0.710518
0.000000
0.713393
0.713393
0.713393
0.713393
0.713393
0.713393
0.713393
0.713393
0.713393
0.713393
0.000000
0.716268
0.716268
0.716268
0.716268
0.716268
0.716268
0.716268
0.716268
0.716268
0.716268
0.000000
0.719144
0.719144
0.719144
0.719144
0.719144
0.719144
0.719144
0.719144
0.719144
0.719144
0.000000
0.722019
0.722019
0.722019
0.722019
0.722019
0.722019
0.722019
0.722019
0.722019
0.722019
0.000000
0.724895
0.724895
0.724895
0.724895
0.724895
0.724895
0.724895
0.724895
0.724895
0.724895
0.000000
0.727770
0.727770
0.727770
0.727770
0.727770
0.727770
0.727770
0.727770
0.727770
0.727770
0.000000
