0.000000
0.309017
0.587785
0.809017
0.951057
1.000000
0.951057
0.809017
0.587785
0.309017
0.000000
0.069715
0.313717
0.569469
0.779432
0.915432
0.962370
0.915233
0.778536
0.565638
0.297374
0.000000
0.110323
0.322168
0.555141
0.752292
0.881592
0.926292
0.880798
0.749215
0.544329
0.286170
0.000000
0.134539
0.329618
0.543322
0.727481
0.849612
0.891795
0.847736
0.721023
0.523830
0.275390
0.000000
0.149113
0.334659
0.532805
0.704660
0.819461
0.858886
0.816036
0.693936
0.504118
0.265021
0.000000
0.157764
0.337159
0.522803
0.683440
0.791029
0.827539
0.785680
0.667932
0.485173
0.255050
0.000000
0.162629
0.337421
0.512867
0.663474
0.764166
0.797701
0.756642
0.642988
0.466975
0.245466
0.000000
0.164982
0.335847
0.502777
0.644483
0.738711
0.769300
0.728886
0.619080
0.449506
0.236261
0.000000
0.165616
0.332818
0.492449
0.626259
0.714508
0.742250
0.702365
0.596181
0.432749
0.227422
0.000000
0.165044
0.328659
0.481874
0.608653
0.691419
0.716460
0.677030
0.574259
0.416683
0.218942
0.000000
0.163609
0.323631
0.471085
0.591565
0.669323
0.691844
0.652821
0.553279
0.401288
0.210809
0.000000
0.161549
0.317946
0.460130
0.574925
0.648122
0.668314
0.629683
0.533205
0.386542
0.203015
0.000000
0.159031
0.311769
0.449063
0.558690
0.627731
0.645794
0.607555
0.513998
0.372422
0.195546
0.000000
0.156180
0.305231
0.437938
0.542832
0.608082
0.624211
0.586381
0.495618
0.358904
0.188393
0.000000
0.153086
0.298437
0.426804
0.527334
0.589120
0.603501
0.566106
0.478025
0.345962
0.181543
0.000000
0.149819
0.291470
0.415703
0.512186
0.570798
0.583606
0.546678
0.461180
0.333571
0.174984
0.000000
0.146432
0.284396
0.404675
0.497382
0.553079
0.564476
0.528048
0.445046
0.321706
0.168704
0.000000
0.142966
0.277268
0.393750
0.482919
0.535929
0.546065
0.510171
0.429584
0.310342
0.162689
0.000000
0.139454
0.270129
0.382955
0.468794
0.519321
0.528330
0.493004
0.414759
0.299454
0.156928
0.000000
0.135922
0.263012
0.372312
0.455007
0.503233
0.511237
0.476508
0.400539
0.289018
0.151408
0.000000
0.132389
0.255947
0.361841
0.441555
0.487642
0.494751
0.460647
0.386890
0.279012
0.146118
0.000000
0.128873
0.248954
0.351554
0.428439
0.472530
0.478844
0.445388
0.373784
0.269413
0.141047
0.000000
0.125385
0.242052
0.341465
0.415654
0.457881
0.463487
0.430699
0.361191
0.260201
0.136182
0.000000
0.121938
0.235256
0.331582
0.403199
0.443680
0.448655
0.416553
0.349086
0.251356
0.131513
0.000000
0.118538
0.228575
0.321911
0.391071
0.429910
0.434327
0.402923
0.337444
0.242859
0.127032
0.000000
0.115192
0.222020
0.312459
0.379266
0.416561
0.420481
0.389784
0.326241
0.234693
0.122727
0.000000
0.111906
0.215596
0.303227
0.367780
0.403617
0.407096
0.377114
0.315457
0.226840
0.118591
0.000000
0.108683
0.209309
0.294219
0.356608
0.391068
0.394156
0.364892
0.305071
0.219285
0.114614
0.000000
0.105527
0.203163
0.285435
0.345746
0.378902
0.381642
0.353097
0.295064
0.212015
0.110789
0.000000
0.102440
0.197161
0.276875
0.335188
0.367107
0.369538
0.341711
0.285419
0.205014
0.107108
0.000000
0.099422
0.191302
0.268537
0.324929
0.355672
0.357830
0.330717
0.276119
0.198271
0.103565
0.000000
0.096477
0.185590
0.260421
0.314963
0.344588
0.346503
0.320099
0.267149
0.191773
0.100152
0.000000
0.093603
0.180023
0.252524
0.305283
0.333844
0.335542
0.309841
0.258494
0.185509
0.096864
0.000000
0.090802
0.174601
0.244843
0.295884
0.323429
0.324936
0.299928
0.250140
0.179468
0.093695
0.000000
0.088073
0.169322
0.237376
0.286760
0.313334
0.314672
0.290349
0.242076
0.173642
0.090640
0.000000
0.085415
0.164186
0.230118
0.277904
0.303551
0.304737
0.281088
0.234288
0.168019
0.087693
0.000000
0.082829
0.159191
0.223066
0.269310
0.294068
0.295122
0.272135
0.226766
0.162592
0.084850
0.000000
0.080312
0.154335
0.216215
0.260971
0.284879
0.285813
0.263478
0.219499
0.157352
0.082106
0.000000
0.077866
0.149615
0.209563
0.252881
0.275974
0.276803
0.255105
0.212477
0.152292
0.079457
0.000000
0.075487
0.145028
0.203104
0.245033
0.267344
0.268080
0.247007
0.205689
0.147404
0.076899
0.000000
0.073176
0.140574
0.196835
0.237422
0.258981
0.259634
0.239174
0.199129
0.142682
0.074429
0.000000
0.070931
0.136248
0.190750
0.230041
0.250878
0.251457
0.231595
0.192785
0.138118
0.072042
0.000000
0.068750
0.132048
0.184846
0.222883
0.243026
0.243540
0.224262
0.186652
0.133708
0.069736
0.000000
0.066632
0.127971
0.179118
0.215943
0.235419
0.235875
0.217167
0.180720
0.129444
0.067508
0.000000
0.064577
0.124014
0.173561
0.209215
0.228047
0.228452
0.210300
0.174983
0.125321
0.065353
0.000000
0.062582
0.120175
0.168171
0.202692
0.220906
0.221265
0.203655
0.169432
0.121335
0.063271
0.000000
0.060645
0.116450
0.162944
0.196369
0.213986
0.214305
0.197223
0.164063
0.117479
0.061257
0.000000
0.058767
0.112837
0.157875
0.190240
0.207282
0.207565
0.190998
0.158868
0.113750
0.059309
0.000000
0.056944
0.109333
0.152960
0.184299
0.200787
0.201038
0.184972
0.153841
0.110143
0.057426
0.000000
0.055177
0.105934
0.148194
0.178542
0.194495
0.194718
0.179139
0.148976
0.106653
0.055604
0.000000
0.053462
0.102638
0.143575
0.172962
0.188399
0.188597
0.173492
0.144269
0.103276
0.053841
0.000000
0.051800
0.099442
0.139096
0.167554
0.182493
0.182669
0.168024
0.139712
0.100008
0.052136
0.000000
0.050187
0.096344
0.134755
0.162314
0.176772
0.176928
0.162731
0.135302
0.096846
0.050486
0.000000
0.048624
0.093341
0.130548
0.157236
0.171230
0.171368
0.157606
0.131033
0.093786
0.048889
0.000000
0.047109
0.090429
0.126470
0.152316
0.165861
0.165983
0.152644
0.126900
0.090824
0.047344
0.000000
0.045640
0.087607
0.122518
0.147548
0.160660
0.160768
0.147840
0.122899
0.087957
0.045848
0.000000
0.044216
0.084871
0.118688
0.142929
0.155621
0.155718
0.143187
0.119026
0.085182
0.044401
0.000000
0.042835
0.082220
0.114976
0.138453
0.150741
0.150826
0.138682
0.115276
0.082496
0.042999
0.000000
0.041497
0.079650
0.111379
0.134116
0.146012
0.146088
0.134320
0.111646
0.079895
0.041643
0.000000
0.040201
0.077160
0.107894
0.129915
0.141432
0.141500
0.130096
0.108131
0.077377
0.040330
0.000000
0.038944
0.074747
0.104517
0.125845
0.136996
0.137056
0.126005
0.104727
0.074940
0.039059
0.000000
0.037726
0.072409
0.101245
0.121901
0.132698
0.132751
0.122043
0.101431
0.072580
0.037828
0.000000
0.036546
0.070143
0.098075
0.118080
0.128535
0.128582
0.118207
0.098240
0.070295
0.036637
0.000000
0.035403
0.067947
0.095003
0.114379
0.124503
0.124544
0.114491
0.095150
0.068082
0.035483
0.000000
0.034295
0.065820
0.092027
0.110794
0.120596
0.120633
0.110893
0.092157
0.065940
0.034366
0.000000
0.033221
0.063759
0.089144
0.107320
0.116812
0.116845
0.107408
0.089259
0.063865
0.033284
0.000000
0.032181
0.061762
0.086350
0.103955
0.113147
0.113176
0.104033
0.086453
0.061856
0.032237
0.000000
0.031173
0.059827
0.083644
0.100695
0.109597
0.109623
0.100765
0.083735
0.059911
0.031223
0.000000
0.030197
0.057953
0.081022
0.097537
0.106158
0.106181
0.097599
0.081103
0.058027
0.030241
0.000000
0.029251
0.056137
0.078482
0.094478
0.102827
0.102847
0.094533
0.078554
0.056202
0.029290
0.000000
0.028334
0.054377
0.076022
0.091515
0.099600
0.099618
0.091563
0.076085
0.054436
0.028369
0.000000
0.027446
0.052673
0.073638
0.088644
0.096474
0.096490
0.088687
0.073695
0.052725
0.027477
0.000000
0.026586
0.051022
0.071329
0.085864
0.093447
0.093461
0.085902
0.071379
0.051068
0.026613
0.000000
0.025753
0.049422
0.069092
0.083170
0.090514
0.090527
0.083204
0.069137
0.049463
0.025777
0.000000
0.024945
0.047872
0.066925
0.080561
0.087674
0.087685
0.080591
0.066965
0.047909
0.024967
0.000000
0.024163
0.046371
0.064826
0.078034
0.084922
0.084932
0.078060
0.064861
0.046403
0.024182
0.000000
0.023406
0.044917
0.062793
0.075585
0.082257
0.082266
0.075609
0.062824
0.044945
0.023423
0.000000
0.022672
0.043508
0.060823
0.073214
0.079675
0.079683
0.073235
0.060851
0.043534
0.022687
0.000000
0.021961
0.042144
0.058915
0.070917
0.077175
0.077182
0.070935
0.058939
0.042166
0.021974
0.000000
0.021272
0.040822
0.057067
0.068691
0.074753
0.074759
0.068708
0.057088
0.040842
0.021284
0.000000
0.020605
0.039541
0.055276
0.066536
0.072407
0.072412
0.066551
0.055296
0.039559
0.020615
0.000000
0.019958
0.038301
0.053542
0.064448
0.070134
0.070139
0.064461
0.053559
0.038316
0.019968
0.000000
0.019332
0.037099
0.051862
0.062426
0.067933
0.067937
0.062437
0.051877
0.037113
0.019340
0.000000
0.018726
0.035935
0.050235
0.060467
0.065801
0.065805
0.060477
0.050248
0.035948
0.018733
0.000000
0.018138
0.034808
0.048659
0.058569
0.063736
0.063739
0.058578
0.048671
0.034819
0.018145
0.000000
0.017569
0.033716
0.047132
0.056731
0.061735
0.061738
0.056739
0.047143
0.033725
0.017575
0.000000
0.017018
0.032658
0.045653
0.054951
0.059797
0.059800
0.054958
0.045662
0.032666
0.017023
0.000000
0.016484
0.031633
0.044220
0.053226
0.057921
0.057923
0.053233
0.044229
0.031641
0.016489
0.000000
0.015967
0.030641
0.042833
0.051556
0.056103
0.056105
0.051561
0.042840
0.030647
0.015971
0.000000
0.015466
0.029679
0.041489
0.049938
0.054342
0.054344
0.049943
0.041495
0.029685
0.015469
0.000000
0.014980
0.028748
0.040187
0.048370
0.052636
0.052638
0.048375
0.040192
0.028753
0.014984
0.000000
0.014510
0.027846
0.038925
0.046852
0.050984
0.050986
0.046856
0.038931
0.027850
0.014513
0.000000
0.014055
0.026972
0.037704
0.045382
0.049384
0.049385
0.045385
0.037708
0.026976
0.014058
0.000000
0.013614
0.026125
0.036521
0.043958
0.047834
0.047835
0.043961
0.036525
0.026129
0.013616
0.000000
0.013187
0.025305
0.035374
0.042578
0.046332
0.046333
0.042581
0.035378
0.025309
0.013189
0.000000
0.012773
0.024511
0.034264
0.041242
0.044878
0.044879
0.041244
0.034267
0.024514
0.012775
0.000000
0.012372
0.023742
0.033189
0.039947
0.043470
0.043470
0.039949
0.033192
0.023745
0.012374
0.000000
0.011984
0.022997
0.032147
0.038693
0.042105
0.042106
0.038695
0.032150
0.022999
0.011985
0.000000
0.011608
0.022275
0.031138
0.037479
0.040784
0.040784
0.037481
0.031140
0.022277
0.011609
0.000000
0.011243
0.021576
0.030161
0.036303
0.039503
0.039504
0.036304
0.030163
0.021578
0.011244
0.000000
0.010891
0.020899
0.029214
0.035163
0.038264
0.038264
0.035165
0.029216
0.020900
0.010891
0.000000
0.010549
0.020243
0.028297
0.034060
0.037062
0.037063
0.034061
0.028299
0.020244
0.010550
0.000000
0.010218
0.019608
0.027409
0.032991
0.035899
0.035900
0.032992
0.027411
0.019609
0.010218
0.000000
0.009897
0.018992
0.026549
0.031955
0.034772
0.034773
0.031956
0.026550
0.018993
0.009898
0.000000
0.009586
0.018396
0.025716
0.030952
0.033681
0.033681
0.030953
0.025717
0.018397
0.009587
0.000000
0.009285
0.017819
0.024909
0.029981
0.032624
0.032624
0.029981
0.024910
0.017820
0.009286
0.000000
0.008994
0.017259
0.024127
0.029040
0.031600
0.031600
0.029040
0.024128
0.017260
0.008994
0.000000
0.008712
0.016718
0.023369
0.028128
0.030608
0.030608
0.028129
0.023370
0.016718
0.008712
0.000000
0.008438
0.016193
0.022636
0.027245
0.029647
0.029647
0.027246
0.022637
0.016194
0.008439
0.000000
0.008173
0.015685
0.021926
0.026390
0.028717
0.028717
0.026390
0.021926
0.015685
0.008174
0.000000
0.007917
0.015193
0.021237
0.025562
0.027815
0.027815
0.025562
0.021238
0.015193
0.007917
0.000000
0.007668
0.014716
0.020571
0.024759
0.026942
0.026942
0.024760
0.020571
0.014716
0.007669
0.000000
0.007428
0.014254
0.019925
0.023982
0.026097
0.026097
0.023983
0.019925
0.014254
0.007428
0.000000
0.007195
0.013806
0.019300
0.023229
0.025277
0.025277
0.023230
0.019300
0.013807
0.007195
0.000000
0.006969
0.013373
0.018694
0.022500
0.024484
0.024484
0.022501
0.018694
0.013373
0.006969
0.000000
0.006750
0.012953
0.018107
0.021794
0.023715
0.023716
0.021794
0.018107
0.012954
0.006750
0.000000
0.006538
0.012547
0.017539
0.021110
0.022971
0.022971
0.021110
0.017539
0.012547
0.006538
0.000000
0.006333
0.012153
0.016988
0.020447
0.022250
0.022250
0.020448
0.016989
0.012153
0.006333
0.000000
0.006134
0.011771
0.016455
0.019806
0.021552
0.021552
0.019806
0.016455
0.011772
0.006134
0.000000
0.005942
0.011402
0.015939
0.019184
0.020875
0.020875
0.019184
0.015939
0.011402
0.005942
0.000000
0.005755
0.011044
0.015438
0.018582
0.020220
0.020220
0.018582
0.015438
0.011044
0.005755
0.000000
0.005575
0.010697
0.014954
0.017999
0.019585
0.019585
0.017999
0.014954
0.010698
0.005575
0.000000
0.005400
0.010362
0.014484
0.017434
0.018971
0.018971
0.017434
0.014484
0.010362
0.005400
0.000000
0.005230
0.010036
0.014030
0.016886
0.018375
0.018375
0.016886
0.014030
0.010037
0.005230
0.000000
0.005066
0.009721
0.013589
0.016356
0.017798
0.017798
0.016356
0.013589
0.009721
0.005066
0.000000
0.004907
0.009416
0.013163
0.015843
0.017240
0.017240
0.015843
0.013163
0.009416
0.004907
0.000000
0.004753
0.009121
0.012750
0.015346
0.016699
0.016699
0.015346
0.012750
0.009121
0.004753
0.000000
0.004604
0.008834
0.012349
0.014864
0.016174
0.016174
0.014864
0.012350
0.008834
0.004604
0.000000
0.004459
0.008557
0.011962
0.014397
0.015667
0.015667
0.014398
0.011962
0.008557
0.004459
0.000000
0.004319
0.008289
0.011586
0.013946
0.015175
0.015175
0.013946
0.011586
0.008289
0.004319
0.000000
0.004184
0.008028
0.011223
0.013508
0.014699
0.014699
0.013508
0.011223
0.008028
0.004184
0.000000
0.004052
0.007776
0.010870
0.013084
0.014237
0.014237
0.013084
0.010870
0.007776
0.004052
0.000000
0.003925
0.007532
0.010529
0.012673
0.013790
0.013790
0.012673
0.010529
0.007532
0.003925
0.000000
0.003802
0.007296
0.010199
0.012275
0.013358
0.013358
0.012275
0.010199
0.007296
0.003802
0.000000
0.003683
0.007067
0.009879
0.011890
0.012938
0.012938
0.011890
0.009879
0.007067
0.003683
0.000000
0.003567
0.006845
0.009569
0.011517
0.012532
0.012532
0.011517
0.009569
0.006845
0.003567
0.000000
0.003455
0.006630
0.009268
0.011155
0.012139
0.012139
0.011155
0.009268
0.006630
0.003455
0.000000
0.003347
0.006422
0.008977
0.010805
0.011758
0.011758
0.010805
0.008977
0.006422
0.003347
0.000000
0.003242
0.006221
0.008696
0.010466
0.011389
0.011389
0.010466
0.008696
0.006221
0.003242
0.000000
0.003140
0.006025
0.008423
0.010138
0.011031
0.011031
0.010138
0.008423
0.006025
0.003140
0.000000
0.003041
0.005836
0.008158
0.009819
0.010685
0.010685
0.009819
0.008158
0.005836
0.003041
0.000000
0.002946
0.005653
0.007902
0.009511
0.010350
0.010350
0.009511
0.007902
0.005653
0.002946
0.000000
0.002853
0.005476
0.007654
0.009213
0.010025
0.010025
0.009213
0.007654
0.005476
0.002853
0.000000
0.002764
0.005304
0.007414
0.008923
0.009710
0.009710
0.008923
0.007414
0.005304
0.002764
0.000000
0.002677
0.005137
0.007181
0.008643
0.009405
0.009405
0.008643
0.007181
0.005137
0.002677
0.000000
0.002593
0.004976
0.006956
0.008372
0.009110
0.009110
0.008372
0.006956
0.004976
0.002593
0.000000
0.002512
0.004820
0.006737
0.008109
0.008824
0.008824
0.008109
0.006737
0.004820
0.002512
0.000000
0.002433
0.004668
0.006526
0.007855
0.008547
0.008547
0.007855
0.006526
0.004668
0.002433
0.000000
0.002356
0.004522
0.006321
0.007608
0.008279
0.008279
0.007608
0.006321
0.004522
0.002356
0.000000
0.002282
0.004380
0.006123
0.007369
0.008019
0.008019
0.007369
0.006123
0.004380
0.002282
0.000000
0.002211
0.004243
0.005931
0.007138
0.007767
0.007767
0.007138
0.005931
0.004243
0.002211
0.000000
0.002141
0.004109
0.005744
0.006914
0.007524
0.007524
0.006914
0.005744
0.004109
0.002141
0.000000
0.002074
0.003980
0.005564
0.006697
0.007287
0.007287
0.006697
0.005564
0.003980
0.002074
0.000000
0.002009
0.003855
0.005389
0.006487
0.007059
0.007059
0.006487
0.005389
0.003855
0.002009
0.000000
0.001946
0.003734
0.005220
0.006283
0.006837
0.006837
0.006283
0.005220
0.003734
0.001946
0.000000
0.001885
0.003617
0.005056
0.006086
0.006622
0.006622
0.006086
0.005056
0.003617
0.001885
0.000000
0.001826
0.003504
0.004898
0.005895
0.006415
0.006415
0.005895
0.004898
0.003504
0.001826
0.000000
0.001768
0.003394
0.004744
0.005710
0.006213
0.006213
0.005710
0.004744
0.003394
0.001768
0.000000
0.001713
0.003287
0.004595
0.005531
0.006018
0.006018
0.005531
0.004595
0.003287
0.001713
0.000000
0.001659
0.003184
0.004451
0.005357
0.005829
0.005829
0.005357
0.004451
0.003184
0.001659
0.000000
0.001607
0.003084
0.004311
0.005189
0.005646
0.005646
0.005189
0.004311
0.003084
0.001607
0.000000
0.001557
0.002987
0.004176
0.005026
0.005469
0.005469
0.005026
0.004176
0.002987
0.001557
0.000000
0.001508
0.002893
0.004045
0.004868
0.005297
0.005297
0.004868
0.004045
0.002893
0.001508
0.000000
0.001460
0.002803
0.003918
0.004715
0.005131
0.005131
0.004715
0.003918
0.002803
0.001460
0.000000
0.001415
0.002715
0.003795
0.004567
0.004970
0.004970
0.004567
0.003795
0.002715
0.001415
0.000000
0.001370
0.002629
0.003676
0.004424
0.004814
0.004814
0.004424
0.003676
0.002629
0.001370
0.000000
0.001327
0.002547
0.003560
0.004285
0.004663
0.004663
0.004285
0.003560
0.002547
0.001327
0.000000
0.001286
0.002467
0.003449
0.004151
0.004517
0.004517
0.004151
0.003449
0.002467
0.001286
0.000000
0.001245
0.002390
0.003340
0.004020
0.004375
0.004375
0.004020
0.003340
0.002390
0.001245
0.000000
0.001206
0.002315
0.003235
0.003894
0.004238
0.004238
0.003894
0.003235
0.002315
0.001206
0.000000
0.001168
0.002242
0.003134
0.003772
0.004105
0.004105
0.003772
0.003134
0.002242
0.001168
0.000000
0.001132
0.002172
0.003036
0.003654
0.003976
0.003976
0.003654
0.003036
0.002172
0.001132
0.000000
0.001096
0.002103
0.002940
0.003539
0.003851
0.003851
0.003539
0.002940
0.002103
0.001096
0.000000
0.001062
0.002037
0.002848
0.003428
0.003730
0.003730
0.003428
0.002848
0.002037
0.001062
0.000000
0.001028
0.001973
0.002759
0.003320
0.003613
0.003613
0.003320
0.002759
0.001973
0.001028
0.000000
0.000996
0.001911
0.002672
0.003216
0.003500
0.003500
0.003216
0.002672
0.001911
0.000996
0.000000
0.000965
0.001851
0.002588
0.003115
0.003390
0.003390
0.003115
0.002588
0.001851
0.000965
0.000000
0.000935
0.001793
0.002507
0.003017
0.003283
0.003283
0.003017
0.002507
0.001793
0.000935
0.000000
0.000905
0.001737
0.002428
0.002923
0.003180
0.003180
0.002923
0.002428
0.001737
0.000905
0.000000
0.000877
0.001683
0.002352
0.002831
0.003080
0.003080
0.002831
0.002352
0.001683
0.000877
0.000000
0.000849
0.001630
0.002278
0.002742
0.002984
0.002984
0.002742
0.002278
0.001630
0.000849
0.000000
0.000823
0.001579
0.002207
0.002656
0.002890
0.002890
0.002656
0.002207
0.001579
0.000823
0.000000
0.000797
0.001529
0.002137
0.002573
0.002799
0.002799
0.002573
0.002137
0.001529
0.000797
0.000000
0.000772
0.001481
0.002070
0.002492
0.002712
0.002712
0.002492
0.002070
0.001481
0.000772
0.000000
0.000748
0.001435
0.002005
0.002414
0.002626
0.002626
0.002414
0.002005
0.001435
0.000748
0.000000
0.000724
0.001390
0.001942
0.002338
0.002544
0.002544
0.002338
0.001942
0.001390
0.000724
0.000000
0.000701
0.001346
0.001881
0.002264
0.002464
0.002464
0.002264
0.001881
0.001346
0.000701
0.000000
0.000679
0.001304
0.001822
0.002193
0.002387
0.002387
0.002193
0.001822
0.001304
0.000679
0.000000
0.000658
0.001263
0.001765
0.002125
0.002312
0.002312
0.002125
0.001765
0.001263
0.000658
0.000000
0.000637
0.001223
0.001710
0.002058
0.002239
0.002239
0.002058
0.001710
0.001223
0.000637
0.000000
0.000617
0.001185
0.001656
0.001993
0.002169
0.002169
0.001993
0.001656
0.001185
0.000617
0.000000
0.000598
0.001148
0.001604
0.001931
0.002101
0.002101
0.001931
0.001604
0.001148
0.000598
0.000000
0.000579
0.001112
0.001554
0.001870
0.002035
0.002035
0.001870
0.001554
0.001111
0.000579
0.000000
0.000561
0.001077
0.001505
0.001811
0.001971
0.001971
0.001811
0.001505
0.001077
0.000561
0.000000
0.000543
0.001043
0.001458
0.001755
0.001909
0.001909
0.001755
0.001458
0.001043
0.000543
0.000000
0.000526
0.001010
0.001412
0.001699
0.001849
0.001849
0.001699
0.001412
0.001010
0.000526
0.000000
0.000510
0.000978
0.001368
0.001646
0.001791
0.001791
0.001646
0.001368
0.000978
0.000510
0.000000
0.000494
0.000948
0.001325
0.001594
0.001735
0.001735
0.001594
0.001325
0.000948
0.000494
0.000000
0.000478
0.000918
0.001283
0.001544
0.001681
0.001681
0.001544
0.001283
0.000918
0.000478
0.000000
0.000463
0.000889
0.001243
0.001496
0.001628
0.001628
0.001496
0.001243
0.000889
0.000463
0.000000
0.000449
0.000861
0.001204
0.001449
0.001577
0.001577
0.001449
0.001204
0.000861
0.000449
0.000000
0.000435
0.000834
0.001166
0.001404
0.001527
0.001527
0.001404
0.001166
0.000834
0.000435
0.000000
0.000421
0.000808
0.001129
0.001359
0.001479
0.001479
0.001359
0.001129
0.000808
0.000421
0.000000
0.000408
0.000783
0.001094
0.001317
0.001433
0.001433
0.001317
0.001094
0.000783
0.000408
0.000000
0.000395
0.000758
0.001060
0.001275
0.001388
0.001388
0.001275
0.001060
0.000758
0.000395
0.000000
0.000383
0.000734
0.001026
0.001235
0.001344
0.001344
0.001235
0.001026
0.000734
0.000383
0.000000
0.000371
0.000711
0.000994
0.001197
0.001302
0.001302
0.001197
0.000994
0.000711
0.000371
0.000000
0.000359
0.000689
0.000963
0.001159
0.001261
0.001261
0.001159
0.000963
0.000689
0.000359
0.000000
0.000348
0.000667
0.000933
0.001123
0.001222
0.001222
0.001123
0.000933
0.000667
0.000348
0.000000
0.000337
0.000646
0.000904
0.001087
0.001183
0.001183
0.001087
0.000903
0.000646
0.000337
0.000000
0.000326
0.000626
0.000875
0.001053
0.001146
0.001146
0.001053
0.000875
0.000626
0.000326
0.000000
0.000316
0.000606
0.000848
0.001020
0.001110
0.001110
0.001020
0.000848
0.000606
0.000316
0.000000
0.000306
0.000587
0.000821
0.000988
0.001075
0.001075
0.000988
0.000821
0.000587
0.000306
0.000000
0.000296
0.000569
0.000795
0.000957
0.001042
0.001042
0.000957
0.000795
0.000569
0.000296
0.000000
0.000287
0.000551
0.000770
0.000927
0.001009
0.001009
0.000927
0.000770
0.000551
0.000287
0.000000
0.000278
0.000534
0.000746
0.000898
0.000977
0.000977
0.000898
0.000746
0.000534
0.000278
0.000000
0.000269
0.000517
0.000723
0.000870
0.000947
0.000947
0.000870
0.000723
0.000517
0.000269
0.000000
0.000261
0.000501
0.000700
0.000843
0.000917
0.000917
0.000843
0.000700
0.000501
0.000261
0.000000
0.000253
0.000485
0.000678
0.000816
0.000888
0.000888
0.000816
0.000678
0.000485
0.000253
0.000000
0.000245
0.000470
0.000657
0.000791
0.000860
0.000860
0.000791
0.000657
0.000470
0.000245
0.000000
0.000237
0.000455
0.000636
0.000766
0.000833
0.000833
0.000766
0.000636
0.000455
0.000237
0.000000
0.000230
0.000441
0.000616
0.000742
0.000807
0.000807
0.000742
0.000616
0.000441
0.000230
0.000000
0.000223
0.000427
0.000597
0.000718
0.000782
0.000782
0.000718
0.000597
0.000427
0.000223
0.000000
0.000216
0.000414
0.000578
0.000696
0.000757
0.000757
0.000696
0.000578
0.000414
0.000216
0.000000
0.000209
0.000401
0.000560
0.000674
0.000733
0.000733
0.000674
0.000560
0.000401
0.000209
0.000000
0.000202
0.000388
0.000542
0.000653
0.000710
0.000710
0.000653
0.000542
0.000388
0.000202
0.000000
0.000196
0.000376
0.000525
0.000632
0.000688
0.000688
0.000632
0.000525
0.000376
0.000196
0.000000
0.000190
0.000364
0.000509
0.000613
0.000667
0.000667
0.000613
0.000509
0.000364
0.000190
0.000000
0.000184
0.000353
0.000493
0.000593
0.000646
0.000646
0.000593
0.000493
0.000353
0.000184
0.000000
0.000178
0.000342
0.000477
0.000575
0.000625
0.000625
0.000575
0.000477
0.000342
0.000178
0.000000
0.000172
0.000331
0.000462
0.000557
0.000606
0.000606
0.000557
0.000462
0.000331
0.000172
0.000000
0.000167
0.000320
0.000448
0.000539
0.000587
0.000587
0.000539
0.000448
0.000320
0.000167
0.000000
0.000162
0.000310
0.000434
0.000522
0.000568
0.000568
0.000522
0.000434
0.000310
0.000162
0.000000
0.000157
0.000301
0.000420
0.000506
0.000550
0.000550
0.000506
0.000420
0.000301
0.000157
0.000000
0.000152
0.000291
0.000407
0.000490
0.000533
0.000533
0.000490
0.000407
0.000291
0.000152
0.000000
0.000147
0.000282
0.000394
0.000475
0.000516
0.000516
0.000475
0.000394
0.000282
0.000147
0.000000
0.000142
0.000273
0.000382
0.000460
0.000500
0.000500
0.000460
0.000382
0.000273
0.000142
0.000000
0.000138
0.000265
0.000370
0.000445
0.000485
0.000485
0.000445
0.000370
0.000265
0.000138
0.000000
0.000134
0.000256
0.000358
0.000431
0.000469
0.000469
0.000431
0.000358
0.000256
0.000134
0.000000
0.000129
0.000248
0.000347
0.000418
0.000455
0.000455
0.000418
0.000347
0.000248
0.000129
0.000000
0.000125
0.000241
0.000336
0.000405
0.000440
0.000440
0.000405
0.000336
0.000240
0.000125
0.000000
0.000121
0.000233
0.000326
0.000392
0.000426
0.000426
0.000392
0.000326
0.000233
0.000121
0.000000
0.000118
0.000226
0.000315
0.000380
0.000413
0.000413
0.000380
0.000315
0.000226
0.000118
0.000000
0.000114
0.000219
0.000306
0.000368
0.000400
0.000400
0.000368
0.000306
0.000219
0.000114
0.000000
0.000110
0.000212
0.000296
0.000356
0.000388
0.000388
0.000356
0.000296
0.000212
0.000110
0.000000
0.000107
0.000205
0.000287
0.000345
0.000375
0.000375
0.000345
0.000287
0.000205
0.000107
0.000000
0.000104
0.000199
0.000278
0.000334
0.000364
0.000364
0.000334
0.000278
0.000199
0.000103
0.000000
0.000100
0.000192
0.000269
0.000324
0.000352
0.000352
0.000324
0.000269
0.000192
0.000100
0.000000
0.000097
0.000186
0.000260
0.000314
0.000341
0.000341
0.000314
0.000260
0.000186
0.000097
0.000000
0.000094
0.000181
0.000252
0.000304
0.000330
0.000330
0.000304
0.000252
0.000180
0.000094
0.000000
0.000091
0.000175
0.000244
0.000294
0.000320
0.000320
0.000294
0.000244
0.000175
0.000091
0.000000
0.000088
0.000169
0.000237
0.000285
0.000310
0.000310
0.000285
0.000237
0.000169
0.000088
0.000000
0.000085
0.000164
0.000229
0.000276
0.000300
0.000300
0.000276
0.000229
0.000164
0.000085
0.000000
0.000083
0.000159
0.000222
0.000267
0.000291
0.000291
0.000267
0.000222
0.000159
0.000083
0.000000
0.000080
0.000154
0.000215
0.000259
0.000282
0.000282
0.000259
0.000215
0.000154
0.000080
0.000000
